ncpu        =         24
ndim        =          3
levelmin    =          8
levelmax    =         18
ngridmax    =   10000000
nstep_coarse=         64
 
boxlen      =  0.100000000000000E+01
time        = -0.721450855479597E+01
aexp        =  0.100705058160485E+00
H0          =  0.676600036621094E+02
omega_m     =  0.311100006103516E+00
omega_l     =  0.688899993896484E+00
omega_k     =  0.000000000000000E+00
omega_b     =  0.000000000000000E+00
unit_l      =  0.586786309634346E+26
unit_d      =  0.262160978263356E-26
unit_t      =  0.461658959884764E+16
 
ordering type=hilbert                                                                         
   DOMAIN   ind_min                 ind_max
       1   0.000000000000000E+00   0.121518453088584E+17
       2   0.121518453088584E+17   0.121619188505641E+17
       3   0.121619188505641E+17   0.328650945640530E+17
       4   0.328650945640530E+17   0.328824454572933E+17
       5   0.328824454572933E+17   0.354428689905091E+17
       6   0.354428689905091E+17   0.391688621715333E+17
       7   0.391688621715333E+17   0.391770703407350E+17
       8   0.391770703407350E+17   0.481424945792942E+17
       9   0.481424945792942E+17   0.648834049659372E+17
      10   0.648834049659372E+17   0.648993592786289E+17
      11   0.648993592786289E+17   0.649053836631081E+17
      12   0.649053836631081E+17   0.682483102336942E+17
      13   0.682483102336942E+17   0.792117643984241E+17
      14   0.792117643984241E+17   0.915081007621734E+17
      15   0.915081007621734E+17   0.104935381589295E+18
      16   0.104935381589295E+18   0.104950246303007E+18
      17   0.104950246303007E+18   0.111217947351646E+18
      18   0.111217947351646E+18   0.111231294681121E+18
      19   0.111231294681121E+18   0.111234305213432E+18
      20   0.111234305213432E+18   0.111236230285361E+18
      21   0.111236230285361E+18   0.126040350786585E+18
      22   0.126040350786585E+18   0.131958835920241E+18
      23   0.131958835920241E+18   0.131962950700237E+18
      24   0.131962950700237E+18   0.144115188075856E+18
