ncpu        =        256
ndim        =          3
levelmin    =         10
levelmax    =         17
ngridmax    =    3906250
nstep_coarse=        394
 
boxlen      =  0.100000000000000E+01
time        = -0.492560696252048E+01
aexp        =  0.158555442034145E+00
H0          =  0.676600036621094E+02
omega_m     =  0.311100006103516E+00
omega_l     =  0.688899993896484E+00
omega_k     =  0.000000000000000E+00
omega_b     =  0.469999983906746E-01
unit_l      =  0.923867821568520E+26
unit_d      =  0.671704788919460E-27
unit_t      =  0.114440831600462E+17
 
ordering type=hilbert                                                                         
   DOMAIN   ind_min                 ind_max
       1   0.000000000000000E+00   0.898349776240640E+14
       2   0.898349776240640E+14   0.177185295958016E+15
       3   0.177185295958016E+15   0.265408701005824E+15
       4   0.265408701005824E+15   0.328922195099648E+15
       5   0.328922195099648E+15   0.390302548361216E+15
       6   0.390302548361216E+15   0.449356960366592E+15
       7   0.449356960366592E+15   0.506312341323776E+15
       8   0.506312341323776E+15   0.546576593780736E+15
       9   0.546576593780736E+15   0.587987693862912E+15
      10   0.587987693862912E+15   0.625842732924928E+15
      11   0.625842732924928E+15   0.676890780106752E+15
      12   0.676890780106752E+15   0.736418179579904E+15
      13   0.736418179579904E+15   0.800901388042240E+15
      14   0.800901388042240E+15   0.857828818419712E+15
      15   0.857828818419712E+15   0.939528040218624E+15
      16   0.939528040218624E+15   0.100980600484659E+16
      17   0.100980600484659E+16   0.108558724313907E+16
      18   0.108558724313907E+16   0.114404644565811E+16
      19   0.114404644565811E+16   0.119801674064282E+16
      20   0.119801674064282E+16   0.124620217568461E+16
      21   0.124620217568461E+16   0.132854507057971E+16
      22   0.132854507057971E+16   0.141003472660070E+16
      23   0.141003472660070E+16   0.148750370553856E+16
      24   0.148750370553856E+16   0.157538740879360E+16
      25   0.157538740879360E+16   0.162683480231117E+16
      26   0.162683480231117E+16   0.167933691458355E+16
      27   0.167933691458355E+16   0.174431319841178E+16
      28   0.174431319841178E+16   0.178937082203341E+16
      29   0.178937082203341E+16   0.183986277082726E+16
      30   0.183986277082726E+16   0.191707251893862E+16
      31   0.191707251893862E+16   0.199225584386048E+16
      32   0.199225584386048E+16   0.205621960533606E+16
      33   0.205621960533606E+16   0.214258704266035E+16
      34   0.214258704266035E+16   0.221283224649728E+16
      35   0.221283224649728E+16   0.228931470884864E+16
      36   0.228931470884864E+16   0.236147705485722E+16
      37   0.236147705485722E+16   0.243730646407578E+16
      38   0.243730646407578E+16   0.253191142349210E+16
      39   0.253191142349210E+16   0.263245273235456E+16
      40   0.263245273235456E+16   0.271775608655053E+16
      41   0.271775608655053E+16   0.280651194328678E+16
      42   0.280651194328678E+16   0.289232686913946E+16
      43   0.289232686913946E+16   0.295083055670886E+16
      44   0.295083055670886E+16   0.302726190307738E+16
      45   0.302726190307738E+16   0.309117852005171E+16
      46   0.309117852005171E+16   0.316797585509581E+16
      47   0.316797585509581E+16   0.327748110463795E+16
      48   0.327748110463795E+16   0.338095986517606E+16
      49   0.338095986517606E+16   0.344016026809139E+16
      50   0.344016026809139E+16   0.351614841221939E+16
      51   0.351614841221939E+16   0.359050571599053E+16
      52   0.359050571599053E+16   0.363655650040218E+16
      53   0.363655650040218E+16   0.369984651080499E+16
      54   0.369984651080499E+16   0.376547731465011E+16
      55   0.376547731465011E+16   0.381348453390746E+16
      56   0.381348453390746E+16   0.389204666639974E+16
      57   0.389204666639974E+16   0.396098558912102E+16
      58   0.396098558912102E+16   0.403800973036749E+16
      59   0.403800973036749E+16   0.410160016703488E+16
      60   0.410160016703488E+16   0.418198577663181E+16
      61   0.418198577663181E+16   0.422748502150349E+16
      62   0.422748502150349E+16   0.427790664990720E+16
      63   0.427790664990720E+16   0.434313113239552E+16
      64   0.434313113239552E+16   0.439379344280781E+16
      65   0.439379344280781E+16   0.446676669248307E+16
      66   0.446676669248307E+16   0.453847570428723E+16
      67   0.453847570428723E+16   0.459692564774912E+16
      68   0.459692564774912E+16   0.464686443554406E+16
      69   0.464686443554406E+16   0.470214650521190E+16
      70   0.470214650521190E+16   0.477632534465741E+16
      71   0.477632534465741E+16   0.482120610244198E+16
      72   0.482120610244198E+16   0.486640972726272E+16
      73   0.486640972726272E+16   0.492431904813875E+16
      74   0.492431904813875E+16   0.497018788324966E+16
      75   0.497018788324966E+16   0.502037912312218E+16
      76   0.502037912312218E+16   0.507196501727642E+16
      77   0.507196501727642E+16   0.513506340434739E+16
      78   0.513506340434739E+16   0.521260948494746E+16
      79   0.521260948494746E+16   0.528981674898227E+16
      80   0.528981674898227E+16   0.538663565878886E+16
      81   0.538663565878886E+16   0.545759558211994E+16
      82   0.545759558211994E+16   0.554105393958093E+16
      83   0.554105393958093E+16   0.564493151947981E+16
      84   0.564493151947981E+16   0.574009163697357E+16
      85   0.574009163697357E+16   0.583276185203507E+16
      86   0.583276185203507E+16   0.591076030572134E+16
      87   0.591076030572134E+16   0.599569030814106E+16
      88   0.599569030814106E+16   0.605469912727552E+16
      89   0.605469912727552E+16   0.612170922039706E+16
      90   0.612170922039706E+16   0.619920601880986E+16
      91   0.619920601880986E+16   0.626347157408973E+16
      92   0.626347157408973E+16   0.634486715632845E+16
      93   0.634486715632845E+16   0.640361983770624E+16
      94   0.640361983770624E+16   0.647081259669914E+16
      95   0.647081259669914E+16   0.653568079246131E+16
      96   0.653568079246131E+16   0.659684911690547E+16
      97   0.659684911690547E+16   0.665551795702989E+16
      98   0.665551795702989E+16   0.671102812395930E+16
      99   0.671102812395930E+16   0.678065430174106E+16
     100   0.678065430174106E+16   0.686084380740813E+16
     101   0.686084380740813E+16   0.692409040948429E+16
     102   0.692409040948429E+16   0.697661357257523E+16
     103   0.697661357257523E+16   0.705399715420570E+16
     104   0.705399715420570E+16   0.714696359201997E+16
     105   0.714696359201997E+16   0.723428250851738E+16
     106   0.723428250851738E+16   0.729718407875789E+16
     107   0.729718407875789E+16   0.737277996800410E+16
     108   0.737277996800410E+16   0.744147644317696E+16
     109   0.744147644317696E+16   0.753959091516211E+16
     110   0.753959091516211E+16   0.763512300752077E+16
     111   0.763512300752077E+16   0.770650860637389E+16
     112   0.770650860637389E+16   0.776950473174221E+16
     113   0.776950473174221E+16   0.784093175558963E+16
     114   0.784093175558963E+16   0.789560123667251E+16
     115   0.789560123667251E+16   0.797979382172877E+16
     116   0.797979382172877E+16   0.809113809531699E+16
     117   0.809113809531699E+16   0.820468392761754E+16
     118   0.820468392761754E+16   0.828777826353152E+16
     119   0.828777826353152E+16   0.838224153437798E+16
     120   0.838224153437798E+16   0.846655611020902E+16
     121   0.846655611020902E+16   0.851799337808691E+16
     122   0.851799337808691E+16   0.857387117602406E+16
     123   0.857387117602406E+16   0.864755974982861E+16
     124   0.864755974982861E+16   0.870466771432243E+16
     125   0.870466771432243E+16   0.876510446616576E+16
     126   0.876510446616576E+16   0.883359413816525E+16
     127   0.883359413816525E+16   0.891183540515635E+16
     128   0.891183540515635E+16   0.898346940943565E+16
     129   0.898346940943565E+16   0.905152100827136E+16
     130   0.905152100827136E+16   0.910080547697459E+16
     131   0.910080547697459E+16   0.917112966715802E+16
     132   0.917112966715802E+16   0.924761414277530E+16
     133   0.924761414277530E+16   0.931901245436723E+16
     134   0.931901245436723E+16   0.938952887160013E+16
     135   0.938952887160013E+16   0.949485611620762E+16
     136   0.949485611620762E+16   0.958634309792563E+16
     137   0.958634309792563E+16   0.966883304954266E+16
     138   0.966883304954266E+16   0.975358328307712E+16
     139   0.975358328307712E+16   0.984454301902438E+16
     140   0.984454301902438E+16   0.992716096589005E+16
     141   0.992716096589005E+16   0.999965885621862E+16
     142   0.999965885621862E+16   0.100549254668288E+17
     143   0.100549254668288E+17   0.101086547494830E+17
     144   0.101086547494830E+17   0.101560053126922E+17
     145   0.101560053126922E+17   0.102252819670630E+17
     146   0.102252819670630E+17   0.102831621422449E+17
     147   0.102831621422449E+17   0.103635614527652E+17
     148   0.103635614527652E+17   0.104367125052785E+17
     149   0.104367125052785E+17   0.104948578805350E+17
     150   0.104948578805350E+17   0.105542204553953E+17
     151   0.105542204553953E+17   0.106373691704607E+17
     152   0.106373691704607E+17   0.107101696420741E+17
     153   0.107101696420741E+17   0.107893397757010E+17
     154   0.107893397757010E+17   0.108673394236457E+17
     155   0.108673394236457E+17   0.109461141402419E+17
     156   0.109461141402419E+17   0.110507497713828E+17
     157   0.110507497713828E+17   0.111438654781522E+17
     158   0.111438654781522E+17   0.112425010085233E+17
     159   0.112425010085233E+17   0.113209116199485E+17
     160   0.113209116199485E+17   0.113757198153155E+17
     161   0.113757198153155E+17   0.114473738677780E+17
     162   0.114473738677780E+17   0.115307666410045E+17
     163   0.115307666410045E+17   0.116146129841684E+17
     164   0.116146129841684E+17   0.116780163462595E+17
     165   0.116780163462595E+17   0.117667293151887E+17
     166   0.117667293151887E+17   0.118477356341658E+17
     167   0.118477356341658E+17   0.119184797739254E+17
     168   0.119184797739254E+17   0.119789280632504E+17
     169   0.119789280632504E+17   0.120624640204472E+17
     170   0.120624640204472E+17   0.121376720279306E+17
     171   0.121376720279306E+17   0.121941728428032E+17
     172   0.121941728428032E+17   0.122493932079677E+17
     173   0.122493932079677E+17   0.123221891942973E+17
     174   0.123221891942973E+17   0.124242769988813E+17
     175   0.124242769988813E+17   0.125139665803346E+17
     176   0.125139665803346E+17   0.125783148535480E+17
     177   0.125783148535480E+17   0.126402289257677E+17
     178   0.126402289257677E+17   0.126811956093911E+17
     179   0.126811956093911E+17   0.127329287820083E+17
     180   0.127329287820083E+17   0.127883118211236E+17
     181   0.127883118211236E+17   0.128411493630935E+17
     182   0.128411493630935E+17   0.129192744273838E+17
     183   0.129192744273838E+17   0.129929467279114E+17
     184   0.129929467279114E+17   0.130538975034081E+17
     185   0.130538975034081E+17   0.131282871192125E+17
     186   0.131282871192125E+17   0.131821297312727E+17
     187   0.131821297312727E+17   0.132282180249846E+17
     188   0.132282180249846E+17   0.133157115354153E+17
     189   0.133157115354153E+17   0.133987973694751E+17
     190   0.133987973694751E+17   0.134749826630287E+17
     191   0.134749826630287E+17   0.135290624485294E+17
     192   0.135290624485294E+17   0.135933640122696E+17
     193   0.135933640122696E+17   0.136862296231117E+17
     194   0.136862296231117E+17   0.137784408093491E+17
     195   0.137784408093491E+17   0.138381519907389E+17
     196   0.138381519907389E+17   0.139062204610642E+17
     197   0.139062204610642E+17   0.139800864872202E+17
     198   0.139800864872202E+17   0.140395612859269E+17
     199   0.140395612859269E+17   0.140855948643533E+17
     200   0.140855948643533E+17   0.141471672392745E+17
     201   0.141471672392745E+17   0.142188554548675E+17
     202   0.142188554548675E+17   0.142706392778670E+17
     203   0.142706392778670E+17   0.143277111577149E+17
     204   0.143277111577149E+17   0.143821981090447E+17
     205   0.143821981090447E+17   0.144457923511910E+17
     206   0.144457923511910E+17   0.145354182591775E+17
     207   0.145354182591775E+17   0.146056741283430E+17
     208   0.146056741283430E+17   0.146748317986980E+17
     209   0.146748317986980E+17   0.147653704425144E+17
     210   0.147653704425144E+17   0.148491432246641E+17
     211   0.148491432246641E+17   0.149415429511578E+17
     212   0.149415429511578E+17   0.150141203258409E+17
     213   0.150141203258409E+17   0.150661306602947E+17
     214   0.150661306602947E+17   0.151406006407004E+17
     215   0.151406006407004E+17   0.152301309809132E+17
     216   0.152301309809132E+17   0.153023798598697E+17
     217   0.153023798598697E+17   0.154049560226365E+17
     218   0.154049560226365E+17   0.154854739505316E+17
     219   0.154854739505316E+17   0.155657407353324E+17
     220   0.155657407353324E+17   0.156442528873185E+17
     221   0.156442528873185E+17   0.157201767333888E+17
     222   0.157201767333888E+17   0.157756541045309E+17
     223   0.157756541045309E+17   0.158426976716063E+17
     224   0.158426976716063E+17   0.159177434002883E+17
     225   0.159177434002883E+17   0.159762177736049E+17
     226   0.159762177736049E+17   0.160272169157263E+17
     227   0.160272169157263E+17   0.160718023693435E+17
     228   0.160718023693435E+17   0.161490190223606E+17
     229   0.161490190223606E+17   0.162310778907525E+17
     230   0.162310778907525E+17   0.163016518559334E+17
     231   0.163016518559334E+17   0.163548987937260E+17
     232   0.163548987937260E+17   0.164080844170854E+17
     233   0.164080844170854E+17   0.164629037669417E+17
     234   0.164629037669417E+17   0.165442920214692E+17
     235   0.165442920214692E+17   0.166096854822420E+17
     236   0.166096854822420E+17   0.166717702243615E+17
     237   0.166717702243615E+17   0.167326572536136E+17
     238   0.167326572536136E+17   0.167760722169692E+17
     239   0.167760722169692E+17   0.168559559856620E+17
     240   0.168559559856620E+17   0.169175414396682E+17
     241   0.169175414396682E+17   0.169904435269468E+17
     242   0.169904435269468E+17   0.170799003514962E+17
     243   0.170799003514962E+17   0.171512763703624E+17
     244   0.171512763703624E+17   0.172001235241533E+17
     245   0.172001235241533E+17   0.172784231120896E+17
     246   0.172784231120896E+17   0.173525477652890E+17
     247   0.173525477652890E+17   0.174220031683461E+17
     248   0.174220031683461E+17   0.174766755078472E+17
     249   0.174766755078472E+17   0.175438773763441E+17
     250   0.175438773763441E+17   0.176033813401436E+17
     251   0.176033813401436E+17   0.176789306600325E+17
     252   0.176789306600325E+17   0.177378846784881E+17
     253   0.177378846784881E+17   0.177998058537615E+17
     254   0.177998058537615E+17   0.178494469014815E+17
     255   0.178494469014815E+17   0.179212689048863E+17
     256   0.179212689048863E+17   0.180143985094820E+17
