ncpu        =         32
ndim        =          3
levelmin    =          8
levelmax    =         18
ngridmax    =    7500000
nstep_coarse=        672
 
boxlen      =  0.100000000000000E+01
time        =  0.203009703410767E-02
aexp        =  0.100201826882418E+01
H0          =  0.676600036621094E+02
omega_m     =  0.311100006103516E+00
omega_l     =  0.688899993896484E+00
omega_k     =  0.000000000000000E+00
omega_b     =  0.000000000000000E+00
unit_l      =  0.583854091233964E+27
unit_d      =  0.266130704600200E-29
unit_t      =  0.457056593951772E+18
 
ordering type=hilbert                                                                         
   DOMAIN   ind_min                 ind_max
       1   0.000000000000000E+00   0.121397279061443E+17
       2   0.121397279061443E+17   0.121543181056082E+17
       3   0.121543181056082E+17   0.121553364856340E+17
       4   0.121553364856340E+17   0.121553671400719E+17
       5   0.121553671400719E+17   0.121553846326927E+17
       6   0.121553846326927E+17   0.121553916677652E+17
       7   0.121553916677652E+17   0.121568842079887E+17
       8   0.121568842079887E+17   0.121570790040658E+17
       9   0.121570790040658E+17   0.328058017494467E+17
      10   0.328058017494467E+17   0.328670848459913E+17
      11   0.328670848459913E+17   0.328811272500250E+17
      12   0.328811272500250E+17   0.328821586755267E+17
      13   0.328821586755267E+17   0.328879781367623E+17
      14   0.328879781367623E+17   0.328952072104182E+17
      15   0.328952072104182E+17   0.328969699705513E+17
      16   0.328969699705513E+17   0.329080008319959E+17
      17   0.329080008319959E+17   0.790997414307103E+17
      18   0.790997414307103E+17   0.102076108312150E+18
      19   0.102076108312150E+18   0.111232167841161E+18
      20   0.111232167841161E+18   0.111233471508021E+18
      21   0.111233471508021E+18   0.111235325591904E+18
      22   0.111235325591904E+18   0.131957279220040E+18
      23   0.131957279220040E+18   0.131959755173003E+18
      24   0.131959755173003E+18   0.131959821744741E+18
      25   0.131959821744741E+18   0.131959884059682E+18
      26   0.131959884059682E+18   0.131960317239820E+18
      27   0.131960317239820E+18   0.131961852470305E+18
      28   0.131961852470305E+18   0.131973235730845E+18
      29   0.131973235730845E+18   0.131975497564324E+18
      30   0.131975497564324E+18   0.131976482402554E+18
      31   0.131976482402554E+18   0.131976579087933E+18
      32   0.131976579087933E+18   0.144115188075856E+18
