ncpu        =        256
ndim        =          3
levelmin    =         10
levelmax    =         17
ngridmax    =    5859375
nstep_coarse=        146
 
boxlen      =  0.100000000000000E+01
time        = -0.724042106662538E+01
aexp        =  0.100244238634161E+00
H0          =  0.676600036621094E+02
omega_m     =  0.311100006103516E+00
omega_l     =  0.688899993896484E+00
omega_k     =  0.000000000000000E+00
omega_b     =  0.469999983906746E-01
unit_l      =  0.584101215219048E+26
unit_d      =  0.265793060417707E-26
unit_t      =  0.457443586360732E+16
 
ordering type=hilbert                                                                         
   DOMAIN   ind_min                 ind_max
       1   0.000000000000000E+00   0.810119919042560E+14
       2   0.810119919042560E+14   0.157800604893184E+15
       3   0.157800604893184E+15   0.231995460288512E+15
       4   0.231995460288512E+15   0.304104354086912E+15
       5   0.304104354086912E+15   0.366600775532544E+15
       6   0.366600775532544E+15   0.435762399019008E+15
       7   0.435762399019008E+15   0.502105248890880E+15
       8   0.502105248890880E+15   0.552565125152768E+15
       9   0.552565125152768E+15   0.606421819326464E+15
      10   0.606421819326464E+15   0.656253135093760E+15
      11   0.656253135093760E+15   0.720106913005568E+15
      12   0.720106913005568E+15   0.789118694981632E+15
      13   0.789118694981632E+15   0.853771414405120E+15
      14   0.853771414405120E+15   0.929912988893184E+15
      15   0.929912988893184E+15   0.100145685331968E+16
      16   0.100145685331968E+16   0.106939029022310E+16
      17   0.106939029022310E+16   0.113571999724339E+16
      18   0.113571999724339E+16   0.119910319941222E+16
      19   0.119910319941222E+16   0.125950860931891E+16
      20   0.125950860931891E+16   0.133645495749837E+16
      21   0.133645495749837E+16   0.141144278800794E+16
      22   0.141144278800794E+16   0.148484577139098E+16
      23   0.148484577139098E+16   0.156243100434432E+16
      24   0.156243100434432E+16   0.162386864662118E+16
      25   0.162386864662118E+16   0.168674458179994E+16
      26   0.168674458179994E+16   0.175045916544205E+16
      27   0.175045916544205E+16   0.180560020792934E+16
      28   0.180560020792934E+16   0.187303517067674E+16
      29   0.187303517067674E+16   0.194595520931430E+16
      30   0.194595520931430E+16   0.201794492406170E+16
      31   0.201794492406170E+16   0.208346303325798E+16
      32   0.208346303325798E+16   0.216298655055872E+16
      33   0.216298655055872E+16   0.223198085487002E+16
      34   0.223198085487002E+16   0.230853059385754E+16
      35   0.230853059385754E+16   0.237930350116864E+16
      36   0.237930350116864E+16   0.245313486140211E+16
      37   0.245313486140211E+16   0.253314460265267E+16
      38   0.253314460265267E+16   0.261545612070093E+16
      39   0.261545612070093E+16   0.269316792936038E+16
      40   0.269316792936038E+16   0.276961823398298E+16
      41   0.276961823398298E+16   0.284910900215808E+16
      42   0.284910900215808E+16   0.292052407418880E+16
      43   0.292052407418880E+16   0.298896917633434E+16
      44   0.298896917633434E+16   0.305919169029734E+16
      45   0.305919169029734E+16   0.313326155333632E+16
      46   0.313326155333632E+16   0.321114508728730E+16
      47   0.321114508728730E+16   0.329361774975386E+16
      48   0.329361774975386E+16   0.337840612520755E+16
      49   0.337840612520755E+16   0.344126204883763E+16
      50   0.344126204883763E+16   0.351531116055757E+16
      51   0.351531116055757E+16   0.358662619004928E+16
      52   0.358662619004928E+16   0.364331977723085E+16
      53   0.364331977723085E+16   0.371340803781427E+16
      54   0.371340803781427E+16   0.377767321403392E+16
      55   0.377767321403392E+16   0.384376272794419E+16
      56   0.384376272794419E+16   0.391385684587315E+16
      57   0.391385684587315E+16   0.398182535764378E+16
      58   0.398182535764378E+16   0.405788291812557E+16
      59   0.405788291812557E+16   0.412863263303270E+16
      60   0.412863263303270E+16   0.419789204252262E+16
      61   0.419789204252262E+16   0.425461208108237E+16
      62   0.425461208108237E+16   0.432232350298931E+16
      63   0.432232350298931E+16   0.438058185287270E+16
      64   0.438058185287270E+16   0.445168509937254E+16
      65   0.445168509937254E+16   0.452676776126054E+16
      66   0.452676776126054E+16   0.459303513856410E+16
      67   0.459303513856410E+16   0.465359894845850E+16
      68   0.465359894845850E+16   0.471902173161062E+16
      69   0.471902173161062E+16   0.478981554333286E+16
      70   0.478981554333286E+16   0.484476022108979E+16
      71   0.484476022108979E+16   0.490196406842163E+16
      72   0.490196406842163E+16   0.496184071081165E+16
      73   0.496184071081165E+16   0.502230926911078E+16
      74   0.502230926911078E+16   0.508148509468262E+16
      75   0.508148509468262E+16   0.515478064096870E+16
      76   0.515478064096870E+16   0.522218020379034E+16
      77   0.522218020379034E+16   0.529578733653197E+16
      78   0.529578733653197E+16   0.538015594604134E+16
      79   0.538015594604134E+16   0.545103493568922E+16
      80   0.545103493568922E+16   0.552661657898189E+16
      81   0.552661657898189E+16   0.561015163138867E+16
      82   0.561015163138867E+16   0.568932056013210E+16
      83   0.568932056013210E+16   0.577088038476186E+16
      84   0.577088038476186E+16   0.584665069833421E+16
      85   0.584665069833421E+16   0.592004934480691E+16
      86   0.592004934480691E+16   0.599540237756006E+16
      87   0.599540237756006E+16   0.606108608416973E+16
      88   0.606108608416973E+16   0.612973858625946E+16
      89   0.612973858625946E+16   0.620532370243584E+16
      90   0.620532370243584E+16   0.627218266980352E+16
      91   0.627218266980352E+16   0.634969595786035E+16
      92   0.634969595786035E+16   0.641658604906086E+16
      93   0.641658604906086E+16   0.648123367240499E+16
      94   0.648123367240499E+16   0.655317827112141E+16
      95   0.655317827112141E+16   0.661585532865741E+16
      96   0.661585532865741E+16   0.668048165542298E+16
      97   0.668048165542298E+16   0.674615103429018E+16
      98   0.674615103429018E+16   0.682224097689600E+16
      99   0.682224097689600E+16   0.689549731482829E+16
     100   0.689549731482829E+16   0.695481413717197E+16
     101   0.695481413717197E+16   0.702337461413478E+16
     102   0.702337461413478E+16   0.710076291402957E+16
     103   0.710076291402957E+16   0.718586260540621E+16
     104   0.718586260540621E+16   0.725251568277914E+16
     105   0.725251568277914E+16   0.732300552490189E+16
     106   0.732300552490189E+16   0.739500321092403E+16
     107   0.739500321092403E+16   0.747137451583078E+16
     108   0.747137451583078E+16   0.755097764102144E+16
     109   0.755097764102144E+16   0.763160402119885E+16
     110   0.763160402119885E+16   0.770219459792077E+16
     111   0.770219459792077E+16   0.776965221724979E+16
     112   0.776965221724979E+16   0.784058948360602E+16
     113   0.784058948360602E+16   0.790277832835072E+16
     114   0.790277832835072E+16   0.797893947346125E+16
     115   0.797893947346125E+16   0.806355766083584E+16
     116   0.806355766083584E+16   0.814634335679283E+16
     117   0.814634335679283E+16   0.823094792106803E+16
     118   0.823094792106803E+16   0.830836895121408E+16
     119   0.830836895121408E+16   0.838603387174912E+16
     120   0.838603387174912E+16   0.846264469658010E+16
     121   0.846264469658010E+16   0.852551530027418E+16
     122   0.852551530027418E+16   0.858989278527488E+16
     123   0.858989278527488E+16   0.866317265954406E+16
     124   0.866317265954406E+16   0.873096187320730E+16
     125   0.873096187320730E+16   0.879319247644262E+16
     126   0.879319247644262E+16   0.886329288582758E+16
     127   0.886329288582758E+16   0.894121188471603E+16
     128   0.894121188471603E+16   0.901410621646438E+16
     129   0.901410621646438E+16   0.907288675300147E+16
     130   0.907288675300147E+16   0.913984296111309E+16
     131   0.913984296111309E+16   0.921282905165005E+16
     132   0.921282905165005E+16   0.928342026171187E+16
     133   0.928342026171187E+16   0.935549746754355E+16
     134   0.935549746754355E+16   0.943042350337229E+16
     135   0.943042350337229E+16   0.951374747952742E+16
     136   0.951374747952742E+16   0.959087489161626E+16
     137   0.959087489161626E+16   0.966619212598477E+16
     138   0.966619212598477E+16   0.974178737140531E+16
     139   0.974178737140531E+16   0.981713388621005E+16
     140   0.981713388621005E+16   0.989258324115456E+16
     141   0.989258324115456E+16   0.996655620738253E+16
     142   0.996655620738253E+16   0.100371608790630E+17
     143   0.100371608790630E+17   0.100962396012544E+17
     144   0.100962396012544E+17   0.101537938407424E+17
     145   0.101537938407424E+17   0.102246857320694E+17
     146   0.102246857320694E+17   0.102883981871022E+17
     147   0.102883981871022E+17   0.103640038679511E+17
     148   0.103640038679511E+17   0.104353010968166E+17
     149   0.104353010968166E+17   0.104999844954767E+17
     150   0.104999844954767E+17   0.105695301326602E+17
     151   0.105695301326602E+17   0.106430904737464E+17
     152   0.106430904737464E+17   0.107140867193569E+17
     153   0.107140867193569E+17   0.107861257024963E+17
     154   0.107861257024963E+17   0.108584501499658E+17
     155   0.108584501499658E+17   0.109334253975634E+17
     156   0.109334253975634E+17   0.110183798674555E+17
     157   0.110183798674555E+17   0.110993574199296E+17
     158   0.110993574199296E+17   0.111763977205187E+17
     159   0.111763977205187E+17   0.112588358428918E+17
     160   0.112588358428918E+17   0.113310367093883E+17
     161   0.113310367093883E+17   0.113939966014259E+17
     162   0.113939966014259E+17   0.114644562948915E+17
     163   0.114644562948915E+17   0.115417471673958E+17
     164   0.115417471673958E+17   0.116173829339873E+17
     165   0.116173829339873E+17   0.116879450859110E+17
     166   0.116879450859110E+17   0.117656799338824E+17
     167   0.117656799338824E+17   0.118439096567726E+17
     168   0.118439096567726E+17   0.119095661701366E+17
     169   0.119095661701366E+17   0.119764274024284E+17
     170   0.119764274024284E+17   0.120528974727086E+17
     171   0.120528974727086E+17   0.121231735563223E+17
     172   0.121231735563223E+17   0.121907083707679E+17
     173   0.121907083707679E+17   0.122516122566656E+17
     174   0.122516122566656E+17   0.123221117920870E+17
     175   0.123221117920870E+17   0.124052184991007E+17
     176   0.124052184991007E+17   0.124844830537810E+17
     177   0.124844830537810E+17   0.125516717039288E+17
     178   0.125516717039288E+17   0.126231293691167E+17
     179   0.126231293691167E+17   0.126785735129825E+17
     180   0.126785735129825E+17   0.127360369764598E+17
     181   0.127360369764598E+17   0.128013903949988E+17
     182   0.128013903949988E+17   0.128682651979612E+17
     183   0.128682651979612E+17   0.129410531160228E+17
     184   0.129410531160228E+17   0.130103978670162E+17
     185   0.130103978670162E+17   0.130764367074427E+17
     186   0.130764367074427E+17   0.131465783405445E+17
     187   0.131465783405445E+17   0.132050127127839E+17
     188   0.132050127127839E+17   0.132712359746601E+17
     189   0.132712359746601E+17   0.133513468958474E+17
     190   0.133513468958474E+17   0.134233059166781E+17
     191   0.134233059166781E+17   0.134948472687165E+17
     192   0.134948472687165E+17   0.135589465560187E+17
     193   0.135589465560187E+17   0.136314068569948E+17
     194   0.136314068569948E+17   0.137130124519670E+17
     195   0.137130124519670E+17   0.137921055665684E+17
     196   0.137921055665684E+17   0.138560078851604E+17
     197   0.138560078851604E+17   0.139256856596972E+17
     198   0.139256856596972E+17   0.139983623783711E+17
     199   0.139983623783711E+17   0.140529282265907E+17
     200   0.140529282265907E+17   0.141179304510751E+17
     201   0.141179304510751E+17   0.141871171711795E+17
     202   0.141871171711795E+17   0.142560930310390E+17
     203   0.142560930310390E+17   0.143112677747589E+17
     204   0.143112677747589E+17   0.143767991316644E+17
     205   0.143767991316644E+17   0.144424097923727E+17
     206   0.144424097923727E+17   0.145192488481587E+17
     207   0.145192488481587E+17   0.145912111594209E+17
     208   0.145912111594209E+17   0.146598827372052E+17
     209   0.146598827372052E+17   0.147385537873838E+17
     210   0.147385537873838E+17   0.148104374770729E+17
     211   0.148104374770729E+17   0.148890703290696E+17
     212   0.148890703290696E+17   0.149679801127404E+17
     213   0.149679801127404E+17   0.150365005005455E+17
     214   0.150365005005455E+17   0.150988682239672E+17
     215   0.150988682239672E+17   0.151693851675853E+17
     216   0.151693851675853E+17   0.152465890271560E+17
     217   0.152465890271560E+17   0.153211965873848E+17
     218   0.153211965873848E+17   0.154034135734682E+17
     219   0.154034135734682E+17   0.154782580699300E+17
     220   0.154782580699300E+17   0.155539294713283E+17
     221   0.155539294713283E+17   0.156298835478446E+17
     222   0.156298835478446E+17   0.157015741898424E+17
     223   0.157015741898424E+17   0.157702882076918E+17
     224   0.157702882076918E+17   0.158328806514360E+17
     225   0.158328806514360E+17   0.159072156678881E+17
     226   0.159072156678881E+17   0.159717986507162E+17
     227   0.159717986507162E+17   0.160325137973903E+17
     228   0.160325137973903E+17   0.160856886172713E+17
     229   0.160856886172713E+17   0.161624971448156E+17
     230   0.161624971448156E+17   0.162352217405235E+17
     231   0.162352217405235E+17   0.163076156004762E+17
     232   0.163076156004762E+17   0.163697432922685E+17
     233   0.163697432922685E+17   0.164299113045688E+17
     234   0.164299113045688E+17   0.164948146021990E+17
     235   0.164948146021990E+17   0.165666853769708E+17
     236   0.165666853769708E+17   0.166351183722578E+17
     237   0.166351183722578E+17   0.167057229642465E+17
     238   0.167057229642465E+17   0.167619027638682E+17
     239   0.167619027638682E+17   0.168291696356884E+17
     240   0.168291696356884E+17   0.169005576292925E+17
     241   0.169005576292925E+17   0.169696158338253E+17
     242   0.169696158338253E+17   0.170481755608842E+17
     243   0.170481755608842E+17   0.171231664595272E+17
     244   0.171231664595272E+17   0.171855473299948E+17
     245   0.171855473299948E+17   0.172515681936343E+17
     246   0.172515681936343E+17   0.173303512652841E+17
     247   0.173303512652841E+17   0.174015650316943E+17
     248   0.174015650316943E+17   0.174653224580547E+17
     249   0.174653224580547E+17   0.175342330943898E+17
     250   0.175342330943898E+17   0.175970452630405E+17
     251   0.175970452630405E+17   0.176709203987005E+17
     252   0.176709203987005E+17   0.177358085428347E+17
     253   0.177358085428347E+17   0.178025167207793E+17
     254   0.178025167207793E+17   0.178610576744776E+17
     255   0.178610576744776E+17   0.179339259428209E+17
     256   0.179339259428209E+17   0.180143985094820E+17
