ncpu        =         32
ndim        =          3
levelmin    =          8
levelmax    =         12
ngridmax    =    1875000
nstep_coarse=          0
 
boxlen      =  0.100000000000000E+01
time        = -0.319489080066041E+02
aexp        =  0.990098994225264E-02
H0          =  0.676600036621094E+02
omega_m     =  0.311100006103516E+00
omega_l     =  0.688899993896484E+00
omega_k     =  0.000000000000000E+00
omega_b     =  0.000000000000000E+00
unit_l      =  0.576908991073980E+25
unit_d      =  0.275858293191451E-23
unit_t      =  0.446247646045838E+14
 
ordering type=hilbert                                                                         
   DOMAIN   ind_min                 ind_max
       1   0.000000000000000E+00   0.171798691840000E+11
       2   0.171798691840000E+11   0.343597383680000E+11
       3   0.343597383680000E+11   0.515396075520000E+11
       4   0.515396075520000E+11   0.687194767360000E+11
       5   0.687194767360000E+11   0.858993459200000E+11
       6   0.858993459200000E+11   0.103079215104000E+12
       7   0.103079215104000E+12   0.120259084288000E+12
       8   0.120259084288000E+12   0.137438953472000E+12
       9   0.137438953472000E+12   0.154618822656000E+12
      10   0.154618822656000E+12   0.171798691840000E+12
      11   0.171798691840000E+12   0.188978561024000E+12
      12   0.188978561024000E+12   0.206158430208000E+12
      13   0.206158430208000E+12   0.223338299392000E+12
      14   0.223338299392000E+12   0.240518168576000E+12
      15   0.240518168576000E+12   0.257698037760000E+12
      16   0.257698037760000E+12   0.274877906944000E+12
      17   0.274877906944000E+12   0.292057776128000E+12
      18   0.292057776128000E+12   0.309237645312000E+12
      19   0.309237645312000E+12   0.326417514496000E+12
      20   0.326417514496000E+12   0.343597383680000E+12
      21   0.343597383680000E+12   0.360777252864000E+12
      22   0.360777252864000E+12   0.377957122048000E+12
      23   0.377957122048000E+12   0.395136991232000E+12
      24   0.395136991232000E+12   0.412316860416000E+12
      25   0.412316860416000E+12   0.429496729600000E+12
      26   0.429496729600000E+12   0.446676598784000E+12
      27   0.446676598784000E+12   0.463856467968000E+12
      28   0.463856467968000E+12   0.481036337152000E+12
      29   0.481036337152000E+12   0.498216206336000E+12
      30   0.498216206336000E+12   0.515396075520000E+12
      31   0.515396075520000E+12   0.532575944704000E+12
      32   0.532575944704000E+12   0.549755813888000E+12
