ncpu        =         24
ndim        =          3
levelmin    =          8
levelmax    =         18
ngridmax    =   10000000
nstep_coarse=       1498
 
boxlen      =  0.100000000000000E+01
time        = -0.292513931721970E+01
aexp        =  0.263555068904532E+00
H0          =  0.676600036621094E+02
omega_m     =  0.311100006103516E+00
omega_l     =  0.688899993896484E+00
omega_k     =  0.000000000000000E+00
omega_b     =  0.000000000000000E+00
unit_l      =  0.153567764214447E+27
unit_d      =  0.146254010127910E-27
unit_t      =  0.316199694655426E+17
 
ordering type=hilbert                                                                         
   DOMAIN   ind_min                 ind_max
       1   0.000000000000000E+00   0.121530052336353E+17
       2   0.121530052336353E+17   0.121570485269627E+17
       3   0.121570485269627E+17   0.152287084911002E+17
       4   0.152287084911002E+17   0.328743903939994E+17
       5   0.328743903939994E+17   0.328833297419796E+17
       6   0.328833297419796E+17   0.328966204628664E+17
       7   0.328966204628664E+17   0.391693085457777E+17
       8   0.391693085457777E+17   0.391746556177613E+17
       9   0.391746556177613E+17   0.391830722399764E+17
      10   0.391830722399764E+17   0.648899121842340E+17
      11   0.648899121842340E+17   0.649048024848794E+17
      12   0.649048024848794E+17   0.649080604364636E+17
      13   0.649080604364636E+17   0.791011808021053E+17
      14   0.791011808021053E+17   0.792118109270508E+17
      15   0.792118109270508E+17   0.104923356250145E+18
      16   0.104923356250145E+18   0.104940795424932E+18
      17   0.104940795424932E+18   0.104954179866591E+18
      18   0.104954179866591E+18   0.111229068737642E+18
      19   0.111229068737642E+18   0.111232264684405E+18
      20   0.111232264684405E+18   0.111237310003347E+18
      21   0.111237310003347E+18   0.131950574506836E+18
      22   0.131950574506836E+18   0.131959508418331E+18
      23   0.131959508418331E+18   0.131964045337035E+18
      24   0.131964045337035E+18   0.144115188075856E+18
