ncpu        =         32
ndim        =          3
levelmin    =          8
levelmax    =         12
ngridmax    =    1875000
nstep_coarse=         91
 
boxlen      =  0.100000000000000E+01
time        = -0.394284602631232E+01
aexp        =  0.200092054506260E+00
H0          =  0.676600036621094E+02
omega_m     =  0.311100006103516E+00
omega_l     =  0.688899993896484E+00
omega_k     =  0.000000000000000E+00
omega_b     =  0.000000000000000E+00
unit_l      =  0.116589256185895E+27
unit_d      =  0.334219951861522E-27
unit_t      =  0.182254553025969E+17
 
ordering type=hilbert                                                                         
   DOMAIN   ind_min                 ind_max
       1   0.000000000000000E+00   0.171086970880000E+11
       2   0.171086970880000E+11   0.366006435840000E+11
       3   0.366006435840000E+11   0.534655467520000E+11
       4   0.534655467520000E+11   0.692963819520000E+11
       5   0.692963819520000E+11   0.846109895680000E+11
       6   0.846109895680000E+11   0.104382832640000E+12
       7   0.104382832640000E+12   0.118013666432000E+12
       8   0.118013666432000E+12   0.131792502784000E+12
       9   0.131792502784000E+12   0.151252598784000E+12
      10   0.151252598784000E+12   0.167446970368000E+12
      11   0.167446970368000E+12   0.183229153280000E+12
      12   0.183229153280000E+12   0.204555726656000E+12
      13   0.204555726656000E+12   0.224098385920000E+12
      14   0.224098385920000E+12   0.242487921152000E+12
      15   0.242487921152000E+12   0.262039470080000E+12
      16   0.262039470080000E+12   0.276845481984000E+12
      17   0.276845481984000E+12   0.295327471456000E+12
      18   0.295327471456000E+12   0.311103356928000E+12
      19   0.311103356928000E+12   0.325294424064000E+12
      20   0.325294424064000E+12   0.345594527744000E+12
      21   0.345594527744000E+12   0.362559438848000E+12
      22   0.362559438848000E+12   0.382443814912000E+12
      23   0.382443814912000E+12   0.399329099776000E+12
      24   0.399329099776000E+12   0.415143952384000E+12
      25   0.415143952384000E+12   0.430056726528000E+12
      26   0.430056726528000E+12   0.444830511104000E+12
      27   0.444830511104000E+12   0.463824580096000E+12
      28   0.463824580096000E+12   0.482684272640000E+12
      29   0.482684272640000E+12   0.500316090368000E+12
      30   0.500316090368000E+12   0.519422029824000E+12
      31   0.519422029824000E+12   0.534444303616000E+12
      32   0.534444303616000E+12   0.549755813888000E+12
