ncpu        =         32
ndim        =          3
levelmin    =          8
levelmax    =         12
ngridmax    =    1875000
nstep_coarse=        232
 
boxlen      =  0.100000000000000E+01
time        = -0.216923136599587E+01
aexp        =  0.333736901165599E+00
H0          =  0.676600036621094E+02
omega_m     =  0.311100006103516E+00
omega_l     =  0.688899993896484E+00
omega_k     =  0.000000000000000E+00
omega_b     =  0.000000000000000E+00
unit_l      =  0.194461180203762E+27
unit_d      =  0.720293035380835E-28
unit_t      =  0.507022412898469E+17
 
ordering type=hilbert                                                                         
   DOMAIN   ind_min                 ind_max
       1   0.000000000000000E+00   0.163206594560000E+11
       2   0.163206594560000E+11   0.347481702400000E+11
       3   0.347481702400000E+11   0.524400380160000E+11
       4   0.524400380160000E+11   0.655960801280000E+11
       5   0.655960801280000E+11   0.828184202240000E+11
       6   0.828184202240000E+11   0.103473127424000E+12
       7   0.103473127424000E+12   0.114490146816000E+12
       8   0.114490146816000E+12   0.128988348416000E+12
       9   0.128988348416000E+12   0.147577790464000E+12
      10   0.147577790464000E+12   0.163992338432000E+12
      11   0.163992338432000E+12   0.179217825792000E+12
      12   0.179217825792000E+12   0.204432121856000E+12
      13   0.204432121856000E+12   0.225953539648000E+12
      14   0.225953539648000E+12   0.244579737600000E+12
      15   0.244579737600000E+12   0.264678599104000E+12
      16   0.264678599104000E+12   0.278696108032000E+12
      17   0.278696108032000E+12   0.296475522304000E+12
      18   0.296475522304000E+12   0.313358385152000E+12
      19   0.313358385152000E+12   0.327164784640000E+12
      20   0.327164784640000E+12   0.346983301120000E+12
      21   0.346983301120000E+12   0.364700377088000E+12
      22   0.364700377088000E+12   0.386334171136000E+12
      23   0.386334171136000E+12   0.403598806528000E+12
      24   0.403598806528000E+12   0.417192288256000E+12
      25   0.417192288256000E+12   0.433135288320000E+12
      26   0.433135288320000E+12   0.446706511424000E+12
      27   0.446706511424000E+12   0.468175355904000E+12
      28   0.468175355904000E+12   0.486631739392000E+12
      29   0.486631739392000E+12   0.502585698752000E+12
      30   0.502585698752000E+12   0.520050900992000E+12
      31   0.520050900992000E+12   0.535045324800000E+12
      32   0.535045324800000E+12   0.549755813888000E+12
