ncpu        =         32
ndim        =          3
levelmin    =          8
levelmax    =         18
ngridmax    =    7500000
nstep_coarse=        101
 
boxlen      =  0.100000000000000E+01
time        = -0.392364028777969E+01
aexp        =  0.201062932270112E+00
H0          =  0.676600036621094E+02
omega_m     =  0.311100006103516E+00
omega_l     =  0.688899993896484E+00
omega_k     =  0.000000000000000E+00
omega_b     =  0.000000000000000E+00
unit_l      =  0.117154965387163E+27
unit_d      =  0.329401723353064E-27
unit_t      =  0.184027498785875E+17
 
ordering type=hilbert                                                                         
   DOMAIN   ind_min                 ind_max
       1   0.000000000000000E+00   0.121498165848310E+17
       2   0.121498165848310E+17   0.121554039005512E+17
       3   0.121554039005512E+17   0.121601816726077E+17
       4   0.121601816726077E+17   0.328635951575204E+17
       5   0.328635951575204E+17   0.328774497060454E+17
       6   0.328774497060454E+17   0.328824983105044E+17
       7   0.328824983105044E+17   0.328884063483986E+17
       8   0.328884063483986E+17   0.391602077048832E+17
       9   0.391602077048832E+17   0.391693745212252E+17
      10   0.391693745212252E+17   0.391730731556536E+17
      11   0.391730731556536E+17   0.391795805698130E+17
      12   0.391795805698130E+17   0.602841437867868E+17
      13   0.602841437867868E+17   0.648877918656922E+17
      14   0.648877918656922E+17   0.649031614948966E+17
      15   0.649031614948966E+17   0.649053960159478E+17
      16   0.649053960159478E+17   0.649081213734093E+17
      17   0.649081213734093E+17   0.732210405488722E+17
      18   0.732210405488722E+17   0.792103141466112E+17
      19   0.792103141466112E+17   0.792289213111337E+17
      20   0.792289213111337E+17   0.104928790995534E+18
      21   0.104928790995534E+18   0.104940155193098E+18
      22   0.104940155193098E+18   0.104949917088743E+18
      23   0.104949917088743E+18   0.111217014829875E+18
      24   0.111217014829875E+18   0.111225530996228E+18
      25   0.111225530996228E+18   0.111232121336496E+18
      26   0.111232121336496E+18   0.111234402413150E+18
      27   0.111234402413150E+18   0.111238390023717E+18
      28   0.111238390023717E+18   0.131942995805962E+18
      29   0.131942995805962E+18   0.131958415574626E+18
      30   0.131958415574626E+18   0.131960463595405E+18
      31   0.131960463595405E+18   0.131966728833597E+18
      32   0.131966728833597E+18   0.144115188075856E+18
