ncpu        =         32
ndim        =          3
levelmin    =          8
levelmax    =         12
ngridmax    =    1875000
nstep_coarse=        397
 
boxlen      =  0.100000000000000E+01
time        = -0.111105118377176E+01
aexp        =  0.500296295080593E+00
H0          =  0.676600036621094E+02
omega_m     =  0.311100006103516E+00
omega_l     =  0.688899993896484E+00
omega_k     =  0.000000000000000E+00
omega_b     =  0.000000000000000E+00
unit_l      =  0.291511689756679E+27
unit_d      =  0.213815922170201E-28
unit_t      =  0.113939228128587E+18
 
ordering type=hilbert                                                                         
   DOMAIN   ind_min                 ind_max
       1   0.000000000000000E+00   0.169058385920000E+11
       2   0.169058385920000E+11   0.379248148480000E+11
       3   0.379248148480000E+11   0.529510464000000E+11
       4   0.529510464000000E+11   0.659254804480000E+11
       5   0.659254804480000E+11   0.830072586240000E+11
       6   0.830072586240000E+11   0.103762452480000E+12
       7   0.103762452480000E+12   0.114965855744000E+12
       8   0.114965855744000E+12   0.129191870464000E+12
       9   0.129191870464000E+12   0.147885482944000E+12
      10   0.147885482944000E+12   0.164390137856000E+12
      11   0.164390137856000E+12   0.179922554368000E+12
      12   0.179922554368000E+12   0.204569611264000E+12
      13   0.204569611264000E+12   0.225954325632000E+12
      14   0.225954325632000E+12   0.244756234240000E+12
      15   0.244756234240000E+12   0.264410054656000E+12
      16   0.264410054656000E+12   0.277335085056000E+12
      17   0.277335085056000E+12   0.296353955840000E+12
      18   0.296353955840000E+12   0.312906813440000E+12
      19   0.312906813440000E+12   0.326803030016000E+12
      20   0.326803030016000E+12   0.346604355072000E+12
      21   0.346604355072000E+12   0.364285657088000E+12
      22   0.364285657088000E+12   0.385996881920000E+12
      23   0.385996881920000E+12   0.403952403072000E+12
      24   0.403952403072000E+12   0.417375610688000E+12
      25   0.417375610688000E+12   0.433852499456000E+12
      26   0.433852499456000E+12   0.447019586048000E+12
      27   0.447019586048000E+12   0.468902588416000E+12
      28   0.468902588416000E+12   0.488663724032000E+12
      29   0.488663724032000E+12   0.503221807616000E+12
      30   0.503221807616000E+12   0.520932597824000E+12
      31   0.520932597824000E+12   0.535550361600000E+12
      32   0.535550361600000E+12   0.549755813888000E+12
