ncpu        =         32
ndim        =          3
levelmin    =          8
levelmax    =         18
ngridmax    =    7500000
nstep_coarse=       1498
 
boxlen      =  0.100000000000000E+01
time        = -0.207814189431711E+01
aexp        =  0.344184613085837E+00
H0          =  0.676600036621094E+02
omega_m     =  0.311100006103516E+00
omega_l     =  0.688899993896484E+00
omega_k     =  0.000000000000000E+00
omega_b     =  0.000000000000000E+00
unit_l      =  0.200548833032510E+27
unit_d      =  0.656670564737945E-28
unit_t      =  0.539264214805645E+17
 
ordering type=hilbert                                                                         
   DOMAIN   ind_min                 ind_max
       1   0.000000000000000E+00   0.121470662745457E+17
       2   0.121470662745457E+17   0.121549066107945E+17
       3   0.121549066107945E+17   0.121573050966016E+17
       4   0.121573050966016E+17   0.121877541630771E+17
       5   0.121877541630771E+17   0.328655652110336E+17
       6   0.328655652110336E+17   0.328812453754634E+17
       7   0.328812453754634E+17   0.328836836530913E+17
       8   0.328836836530913E+17   0.328954170318520E+17
       9   0.328954170318520E+17   0.329015916272026E+17
      10   0.329015916272026E+17   0.391729944390533E+17
      11   0.391729944390533E+17   0.391746103580099E+17
      12   0.391746103580099E+17   0.391790502414909E+17
      13   0.391790502414909E+17   0.649034964027310E+17
      14   0.649034964027310E+17   0.649044284818867E+17
      15   0.649044284818867E+17   0.649062360798986E+17
      16   0.649062360798986E+17   0.649088719260221E+17
      17   0.649088719260221E+17   0.650139922279752E+17
      18   0.650139922279752E+17   0.792032520650097E+17
      19   0.792032520650097E+17   0.792106627463905E+17
      20   0.792106627463905E+17   0.805602463045386E+17
      21   0.805602463045386E+17   0.104937547313033E+18
      22   0.104937547313033E+18   0.104942802835603E+18
      23   0.104942802835603E+18   0.111217541990318E+18
      24   0.111217541990318E+18   0.111230941734535E+18
      25   0.111230941734535E+18   0.111232283804619E+18
      26   0.111232283804619E+18   0.111235244080660E+18
      27   0.111235244080660E+18   0.116045729960559E+18
      28   0.116045729960559E+18   0.131956252904260E+18
      29   0.131956252904260E+18   0.131959666454659E+18
      30   0.131959666454659E+18   0.131960700327789E+18
      31   0.131960700327789E+18   0.131966987766596E+18
      32   0.131966987766596E+18   0.144115188075856E+18
