ncpu        =         32
ndim        =          3
levelmin    =          8
levelmax    =         18
ngridmax    =    7500000
nstep_coarse=        355
 
boxlen      =  0.100000000000000E+01
time        = -0.110855644132466E+01
aexp        =  0.500854161370777E+00
H0          =  0.676600036621094E+02
omega_m     =  0.311100006103516E+00
omega_l     =  0.688899993896484E+00
omega_k     =  0.000000000000000E+00
omega_b     =  0.000000000000000E+00
unit_l      =  0.291836746221236E+27
unit_d      =  0.213102254028412E-28
unit_t      =  0.114193470639280E+18
 
ordering type=hilbert                                                                         
   DOMAIN   ind_min                 ind_max
       1   0.000000000000000E+00   0.121415819329536E+17
       2   0.121415819329536E+17   0.121548632552448E+17
       3   0.121548632552448E+17   0.121568846377124E+17
       4   0.121568846377124E+17   0.121886281365914E+17
       5   0.121886281365914E+17   0.328654983881359E+17
       6   0.328654983881359E+17   0.328746414569226E+17
       7   0.328746414569226E+17   0.328830459445248E+17
       8   0.328830459445248E+17   0.328846676006830E+17
       9   0.328846676006830E+17   0.328944571331379E+17
      10   0.328944571331379E+17   0.328970918983270E+17
      11   0.328970918983270E+17   0.391735237394760E+17
      12   0.391735237394760E+17   0.391782844122399E+17
      13   0.391782844122399E+17   0.649041149459907E+17
      14   0.649041149459907E+17   0.649045262029292E+17
      15   0.649045262029292E+17   0.649081220132700E+17
      16   0.649081220132700E+17   0.650142771794084E+17
      17   0.650142771794084E+17   0.791013352124655E+17
      18   0.791013352124655E+17   0.792036342840689E+17
      19   0.792036342840689E+17   0.792073708894945E+17
      20   0.792073708894945E+17   0.104929215915790E+18
      21   0.104929215915790E+18   0.104940612729438E+18
      22   0.104940612729438E+18   0.107874159542927E+18
      23   0.107874159542927E+18   0.111231573190748E+18
      24   0.111231573190748E+18   0.111232399239873E+18
      25   0.111232399239873E+18   0.111236202895507E+18
      26   0.111236202895507E+18   0.131951103774913E+18
      27   0.131951103774913E+18   0.131959665872929E+18
      28   0.131959665872929E+18   0.131959775190885E+18
      29   0.131959775190885E+18   0.131959806323515E+18
      30   0.131959806323515E+18   0.131960485138405E+18
      31   0.131960485138405E+18   0.131966995486999E+18
      32   0.131966995486999E+18   0.144115188075856E+18
