# T[K]  Latom_lo  Lmol_lo  Lmol_hi  [erg/s/cm^3]
   1.00000E+00   0.00000E+00   0.00000E+00   0.00000E+00
   1.07152E+00   0.00000E+00   1.06953E-40   1.06953E-32
   1.14815E+00   0.00000E+00   1.25286E-40   1.25286E-32
   1.23027E+00   0.00000E+00   1.46148E-40   1.46148E-32
   1.31826E+00   0.00000E+00   1.69907E-40   1.69907E-32
   1.41254E+00   0.00000E+00   1.97446E-40   1.97446E-32
   1.51356E+00   0.00000E+00   2.32172E-40   2.32172E-32
   1.62181E+00   0.00000E+00   2.88839E-40   2.88839E-32
   1.73780E+00   0.00000E+00   4.27879E-40   4.27879E-32
   1.86209E+00   0.00000E+00   8.74624E-40   8.74624E-32
   1.99526E+00   0.00000E+00   2.39108E-39   2.39108E-31
   2.13796E+00   0.00000E+00   7.32336E-39   7.32336E-31
   2.29087E+00   0.00000E+00   2.22824E-38   2.22824E-30
   2.45471E+00   0.00000E+00   6.44097E-38   6.44097E-30
   2.63027E+00   0.00000E+00   1.74812E-37   1.74812E-29
   2.81838E+00   0.00000E+00   4.45107E-37   4.45107E-29
   3.01995E+00   0.00000E+00   1.06592E-36   1.06592E-28
   3.23594E+00   0.00000E+00   2.40914E-36   2.40914E-28
   3.46737E+00   0.00000E+00   5.15758E-36   5.15758E-28
   3.71535E+00   0.00000E+00   1.04957E-35   1.04958E-27
   3.98107E+00   0.00000E+00   2.03716E-35   2.03716E-27
   4.26580E+00   0.00000E+00   3.78322E-35   3.78323E-27
   4.57088E+00   0.00000E+00   6.74253E-35   6.74258E-27
   4.89779E+00   0.00000E+00   1.15647E-34   1.15649E-26
   5.24807E+00   0.00000E+00   1.91407E-34   1.91410E-26
   5.62341E+00   0.00000E+00   3.06468E-34   3.06477E-26
   6.02560E+00   0.00000E+00   4.75841E-34   4.75863E-26
   6.45654E+00   0.00000E+00   7.18088E-34   7.18138E-26
   6.91831E+00   0.00000E+00   1.05554E-33   1.05565E-25
   7.41310E+00   0.00000E+00   1.51443E-33   1.51465E-25
   7.94328E+00   0.00000E+00   2.12496E-33   2.12540E-25
   8.51138E+00   0.00000E+00   2.92133E-33   2.92216E-25
   9.12011E+00   0.00000E+00   3.94172E-33   3.94324E-25
   9.77237E+00   0.00000E+00   5.22831E-33   5.23098E-25
   1.04713E+01   0.00000E+00   6.82719E-33   6.83174E-25
   1.12202E+01   0.00000E+00   8.78818E-33   8.79573E-25
   1.20226E+01   0.00000E+00   1.11646E-32   1.11768E-24
   1.28825E+01   0.00000E+00   1.40125E-32   1.40317E-24
   1.38038E+01   0.00000E+00   1.73902E-32   1.74198E-24
   1.47911E+01   0.00000E+00   2.13568E-32   2.14014E-24
   1.58489E+01   0.00000E+00   2.59705E-32   2.60365E-24
   1.69824E+01   0.00000E+00   3.12874E-32   3.13833E-24
   1.81970E+01   0.00000E+00   3.73591E-32   3.74958E-24
   1.94984E+01   0.00000E+00   4.42305E-32   4.44223E-24
   2.08930E+01   0.00000E+00   5.19383E-32   5.22030E-24
   2.23872E+01   0.00000E+00   6.05087E-32   6.08684E-24
   2.39883E+01   0.00000E+00   6.99563E-32   7.04374E-24
   2.57040E+01   0.00000E+00   8.02826E-32   8.09169E-24
   2.75423E+01   0.00000E+00   9.14759E-32   9.23004E-24
   2.95121E+01   0.00000E+00   1.03511E-31   1.04568E-23
   3.16228E+01   0.00000E+00   1.16350E-31   1.17687E-23
   3.38844E+01   0.00000E+00   1.29941E-31   1.31611E-23
   3.63078E+01   0.00000E+00   1.44225E-31   1.46285E-23
   3.89045E+01   0.00000E+00   1.59131E-31   1.61643E-23
   4.16869E+01   0.00000E+00   1.74581E-31   1.77609E-23
   4.46684E+01   0.00000E+00   1.90493E-31   1.94103E-23
   4.78630E+01   0.00000E+00   2.06779E-31   2.11041E-23
   5.12861E+01   0.00000E+00   2.23354E-31   2.28333E-23
   5.49541E+01   0.00000E+00   2.40127E-31   2.45893E-23
   5.88844E+01   0.00000E+00   2.57015E-31   2.63632E-23
   6.30957E+01   0.00000E+00   2.73935E-31   2.81464E-23
   6.76083E+01   0.00000E+00   2.90808E-31   2.99307E-23
   7.24436E+01   0.00000E+00   3.07561E-31   3.17084E-23
   7.76247E+01   0.00000E+00   3.24127E-31   3.34721E-23
   8.31764E+01   0.00000E+00   3.40447E-31   3.52154E-23
   8.91251E+01   0.00000E+00   3.56465E-31   3.69320E-23
   9.54993E+01   0.00000E+00   3.72134E-31   3.86167E-23
   1.02329E+02   0.00000E+00   3.87415E-31   4.02647E-23
   1.09648E+02   0.00000E+00   4.02272E-31   4.18719E-23
   1.17490E+02   0.00000E+00   4.16677E-31   4.34349E-23
   1.25893E+02   0.00000E+00   4.30609E-31   4.49509E-23
   1.34896E+02   0.00000E+00   4.44050E-31   4.64177E-23
   1.44544E+02   0.00000E+00   4.56989E-31   4.78334E-23
   1.54882E+02   0.00000E+00   4.69419E-31   4.91969E-23
   1.65959E+02   0.00000E+00   4.81336E-31   5.05074E-23
   1.77828E+02   0.00000E+00   4.92740E-31   5.17646E-23
   1.90546E+02   0.00000E+00   5.03635E-31   5.29684E-23
   2.04174E+02   0.00000E+00   5.14028E-31   5.41192E-23
   2.18776E+02   0.00000E+00   5.23927E-31   5.52176E-23
   2.34423E+02   0.00000E+00   5.33342E-31   5.62644E-23
   2.51189E+02   0.00000E+00   5.42286E-31   5.72606E-23
   2.69153E+02   0.00000E+00   5.50771E-31   5.82076E-23
   2.88403E+02   1.11562E-39   5.58813E-31   5.91065E-23
   3.09030E+02   1.19010E-37   5.66427E-31   5.99590E-23
   3.31131E+02   1.85168E-35   5.73628E-31   6.07665E-23
   3.54813E+02   2.23879E-33   5.80431E-31   6.15307E-23
   3.80189E+02   1.99440E-31   5.86837E-31   6.22533E-23
   4.07380E+02   1.32811E-29   5.92745E-31   6.29358E-23
   4.36516E+02   6.72898E-28   5.97384E-31   6.35801E-23
   4.67735E+02   2.62241E-26   5.96211E-31   6.41877E-23
   5.01187E+02   7.70852E-25   5.66827E-31   6.47601E-23
   5.37032E+02   1.47251E-23   4.29740E-31   6.52978E-23
   5.75440E+02   1.04835E-22   1.31993E-31   6.57981E-23
   6.16595E+02   1.81348E-22   4.95631E-33   6.62456E-23
   6.60693E+02   1.94408E-22   3.97317E-35   6.65848E-23
   7.07946E+02   1.99211E-22   3.05629E-37   6.66527E-23
   7.58578E+02   2.03451E-22   0.00000E+00   6.59677E-23
   8.12831E+02   2.07722E-22   0.00000E+00   6.28657E-23
   8.70964E+02   2.12078E-22   0.00000E+00   5.29396E-23
   9.33254E+02   2.16524E-22   0.00000E+00   5.29396E-23
   1.00000E+03   2.21064E-22   0.00000E+00   0.00000E+00
   1.07152E+03   2.25699E-22   0.00000E+00   0.00000E+00
   1.14815E+03   2.30431E-22   0.00000E+00   0.00000E+00
   1.23027E+03   2.35262E-22   0.00000E+00   0.00000E+00
   1.31826E+03   2.40195E-22   0.00000E+00   0.00000E+00
   1.41254E+03   2.45232E-22   0.00000E+00   0.00000E+00
   1.51356E+03   2.50374E-22   0.00000E+00   0.00000E+00
   1.62181E+03   2.55624E-22   0.00000E+00   0.00000E+00
   1.73780E+03   2.60984E-22   0.00000E+00   0.00000E+00
   1.86209E+03   2.66456E-22   0.00000E+00   0.00000E+00
   1.99526E+03   2.72044E-22   0.00000E+00   0.00000E+00
   2.13796E+03   2.77749E-22   0.00000E+00   0.00000E+00
   2.29087E+03   2.83573E-22   0.00000E+00   0.00000E+00
   2.45471E+03   2.89520E-22   0.00000E+00   0.00000E+00
   2.63027E+03   2.95592E-22   0.00000E+00   0.00000E+00
   2.81838E+03   3.01791E-22   0.00000E+00   0.00000E+00
   3.01995E+03   3.08120E-22   0.00000E+00   0.00000E+00
   3.23594E+03   3.14582E-22   0.00000E+00   0.00000E+00
   3.46737E+03   3.21180E-22   0.00000E+00   0.00000E+00
   3.71535E+03   0.00000E+00   6.74026E-31   0.00000E+00
   3.98107E+03   3.34794E-22   0.00000E+00   0.00000E+00
   4.26580E+03   3.41816E-22   0.00000E+00   0.00000E+00
   4.57088E+03   0.00000E+00   6.76062E-31   0.00000E+00
   4.89779E+03   0.00000E+00   6.76658E-31   0.00000E+00
   5.24807E+03   0.00000E+00   6.77219E-31   0.00000E+00
   5.62341E+03   0.00000E+00   6.77746E-31   0.00000E+00
   6.02560E+03   0.00000E+00   6.78242E-31   0.00000E+00
   6.45654E+03   0.00000E+00   6.78710E-31   0.00000E+00
   6.91831E+03   0.00000E+00   6.79153E-31   0.00000E+00
   7.41310E+03   0.00000E+00   6.79572E-31   0.00000E+00
   7.94328E+03   0.00000E+00   6.79970E-31   0.00000E+00
   8.51138E+03   0.00000E+00   6.80349E-31   0.00000E+00
   9.12011E+03   0.00000E+00   6.80711E-31   0.00000E+00
   9.77237E+03   0.00000E+00   6.81058E-31   0.00000E+00
   1.04713E+04   0.00000E+00   6.81392E-31   0.00000E+00
   1.12202E+04   0.00000E+00   6.81716E-31   0.00000E+00
   1.20226E+04   0.00000E+00   6.82032E-31   0.00000E+00
   1.28825E+04   0.00000E+00   6.82341E-31   0.00000E+00
   1.38038E+04   0.00000E+00   6.82646E-31   0.00000E+00
   1.47911E+04   0.00000E+00   6.82949E-31   0.00000E+00
   1.58489E+04   0.00000E+00   6.83253E-31   0.00000E+00
   1.69824E+04   0.00000E+00   6.83560E-31   0.00000E+00
   1.81970E+04   0.00000E+00   6.83872E-31   0.00000E+00
   1.94984E+04   0.00000E+00   6.84192E-31   0.00000E+00
   2.08930E+04   0.00000E+00   6.84524E-31   0.00000E+00
   2.23872E+04   0.00000E+00   6.84871E-31   0.00000E+00
   2.39883E+04   0.00000E+00   6.85235E-31   0.00000E+00
   2.57040E+04   0.00000E+00   6.85621E-31   0.00000E+00
   2.75423E+04   0.00000E+00   6.86034E-31   0.00000E+00
   2.95121E+04   0.00000E+00   6.86476E-31   0.00000E+00
   3.16228E+04   0.00000E+00   6.86955E-31   0.00000E+00
   3.38844E+04   0.00000E+00   6.87474E-31   0.00000E+00
   3.63078E+04   0.00000E+00   6.88040E-31   0.00000E+00
   3.89045E+04   0.00000E+00   6.88660E-31   0.00000E+00
   4.16869E+04   0.00000E+00   6.89342E-31   0.00000E+00
   4.46684E+04   0.00000E+00   6.90093E-31   0.00000E+00
   4.78630E+04   0.00000E+00   6.90924E-31   0.00000E+00
   5.12861E+04   0.00000E+00   6.91844E-31   0.00000E+00
   5.49541E+04   0.00000E+00   6.92865E-31   0.00000E+00
   5.88844E+04   0.00000E+00   6.94000E-31   0.00000E+00
   6.30957E+04   0.00000E+00   6.95264E-31   0.00000E+00
   6.76083E+04   0.00000E+00   6.96672E-31   0.00000E+00
   7.24436E+04   0.00000E+00   6.98243E-31   0.00000E+00
   7.76247E+04   0.00000E+00   6.99996E-31   0.00000E+00
   8.31764E+04   0.00000E+00   7.01955E-31   0.00000E+00
   8.91251E+04   0.00000E+00   7.04145E-31   0.00000E+00
   9.54993E+04   0.00000E+00   7.06593E-31   0.00000E+00
   1.02329E+05   0.00000E+00   7.09332E-31   0.00000E+00
   1.09648E+05   0.00000E+00   7.12396E-31   0.00000E+00
   1.17490E+05   0.00000E+00   7.15825E-31   0.00000E+00
   1.25893E+05   0.00000E+00   7.19664E-31   0.00000E+00
   1.34896E+05   0.00000E+00   7.23961E-31   0.00000E+00
   1.44544E+05   0.00000E+00   7.28772E-31   0.00000E+00
   1.54882E+05   0.00000E+00   7.34157E-31   0.00000E+00
   1.65959E+05   0.00000E+00   7.40187E-31   0.00000E+00
   1.77828E+05   0.00000E+00   7.46936E-31   0.00000E+00
   1.90546E+05   0.00000E+00   7.54491E-31   0.00000E+00
   2.04174E+05   0.00000E+00   7.62947E-31   0.00000E+00
   2.18776E+05   0.00000E+00   7.72410E-31   0.00000E+00
   2.34423E+05   0.00000E+00   7.82998E-31   0.00000E+00
   2.51189E+05   0.00000E+00   7.94842E-31   0.00000E+00
   2.69153E+05   0.00000E+00   8.08088E-31   0.00000E+00
   2.88403E+05   0.00000E+00   8.22897E-31   0.00000E+00
   3.09030E+05   0.00000E+00   8.39449E-31   0.00000E+00
   3.31131E+05   0.00000E+00   8.57940E-31   0.00000E+00
   3.54813E+05   0.00000E+00   8.78591E-31   0.00000E+00
   3.80189E+05   0.00000E+00   9.01641E-31   0.00000E+00
   4.07380E+05   0.00000E+00   9.27356E-31   0.00000E+00
   4.36516E+05   0.00000E+00   9.56026E-31   0.00000E+00
   4.67735E+05   0.00000E+00   9.87969E-31   0.00000E+00
   5.01187E+05   0.00000E+00   1.02353E-30   0.00000E+00
   5.37032E+05   0.00000E+00   1.06309E-30   0.00000E+00
   5.75440E+05   0.00000E+00   1.10705E-30   0.00000E+00
   6.16595E+05   0.00000E+00   1.15586E-30   0.00000E+00
   6.60693E+05   0.00000E+00   1.20998E-30   0.00000E+00
   7.07946E+05   0.00000E+00   1.26990E-30   0.00000E+00
   7.58578E+05   0.00000E+00   1.33618E-30   0.00000E+00
   8.12831E+05   0.00000E+00   1.40934E-30   0.00000E+00
   8.70964E+05   0.00000E+00   1.48998E-30   0.00000E+00
   9.33254E+05   0.00000E+00   1.57869E-30   0.00000E+00
   1.00000E+06   0.00000E+00   1.67605E-30   0.00000E+00
