ncpu        =        256
ndim        =          3
levelmin    =         10
levelmax    =         17
ngridmax    =    7031250
nstep_coarse=        905
 
boxlen      =  0.100000000000000E+01
time        = -0.329710424403925E+01
aexp        =  0.237164856809336E+00
H0          =  0.676600036621094E+02
omega_m     =  0.311100006103516E+00
omega_l     =  0.688899993896484E+00
omega_k     =  0.000000000000000E+00
omega_b     =  0.469999983906746E-01
unit_l      =  0.138190765830583E+27
unit_d      =  0.200710871308031E-27
unit_t      =  0.256046810647201E+17
 
ordering type=hilbert                                                                         
   DOMAIN   ind_min                 ind_max
       1   0.000000000000000E+00   0.989163740897280E+14
       2   0.989163740897280E+14   0.206517487644672E+15
       3   0.206517487644672E+15   0.294211516628992E+15
       4   0.294211516628992E+15   0.349531320519680E+15
       5   0.349531320519680E+15   0.415323919745024E+15
       6   0.415323919745024E+15   0.482979339075584E+15
       7   0.482979339075584E+15   0.519071762120704E+15
       8   0.519071762120704E+15   0.559825488445440E+15
       9   0.559825488445440E+15   0.604984013484032E+15
      10   0.604984013484032E+15   0.640062363656192E+15
      11   0.640062363656192E+15   0.691446010445824E+15
      12   0.691446010445824E+15   0.774264024203264E+15
      13   0.774264024203264E+15   0.828308651409408E+15
      14   0.828308651409408E+15   0.893456712536064E+15
      15   0.893456712536064E+15   0.965989632901120E+15
      16   0.965989632901120E+15   0.105242184751514E+16
      17   0.105242184751514E+16   0.110965023362253E+16
      18   0.110965023362253E+16   0.116991645108941E+16
      19   0.116991645108941E+16   0.122467845210112E+16
      20   0.122467845210112E+16   0.127930908964506E+16
      21   0.127930908964506E+16   0.137447776455885E+16
      22   0.137447776455885E+16   0.146104866461850E+16
      23   0.146104866461850E+16   0.153791818733978E+16
      24   0.153791818733978E+16   0.161930505926246E+16
      25   0.161930505926246E+16   0.165071884543590E+16
      26   0.165071884543590E+16   0.173655985643930E+16
      27   0.173655985643930E+16   0.177631618242970E+16
      28   0.177631618242970E+16   0.182398555154022E+16
      29   0.182398555154022E+16   0.189690977520845E+16
      30   0.189690977520845E+16   0.197715861648179E+16
      31   0.197715861648179E+16   0.204860795432653E+16
      32   0.204860795432653E+16   0.213060078587085E+16
      33   0.213060078587085E+16   0.220328029951590E+16
      34   0.220328029951590E+16   0.228316252681011E+16
      35   0.228316252681011E+16   0.235469726521754E+16
      36   0.235469726521754E+16   0.242877908333363E+16
      37   0.242877908333363E+16   0.252364495634637E+16
      38   0.252364495634637E+16   0.263304877074022E+16
      39   0.263304877074022E+16   0.271923544798003E+16
      40   0.271923544798003E+16   0.281226578472960E+16
      41   0.281226578472960E+16   0.289769640391475E+16
      42   0.289769640391475E+16   0.295531366858752E+16
      43   0.295531366858752E+16   0.302821743578317E+16
      44   0.302821743578317E+16   0.309923972697293E+16
      45   0.309923972697293E+16   0.319001746787533E+16
      46   0.319001746787533E+16   0.331298728231731E+16
      47   0.331298728231731E+16   0.339838228050739E+16
      48   0.339838228050739E+16   0.348770754703770E+16
      49   0.348770754703770E+16   0.355100159875482E+16
      50   0.355100159875482E+16   0.361567957771776E+16
      51   0.361567957771776E+16   0.367085805570458E+16
      52   0.367085805570458E+16   0.373742405261722E+16
      53   0.373742405261722E+16   0.378556463014707E+16
      54   0.378556463014707E+16   0.385465625319834E+16
      55   0.385465625319834E+16   0.392649471741133E+16
      56   0.392649471741133E+16   0.397857228351078E+16
      57   0.397857228351078E+16   0.406402049140326E+16
      58   0.406402049140326E+16   0.413037576060928E+16
      59   0.413037576060928E+16   0.420065639084851E+16
      60   0.420065639084851E+16   0.423978509454541E+16
      61   0.423978509454541E+16   0.429481203079578E+16
      62   0.429481203079578E+16   0.434815887682970E+16
      63   0.434815887682970E+16   0.439963995213005E+16
      64   0.439963995213005E+16   0.447094859682202E+16
      65   0.447094859682202E+16   0.454217051929805E+16
      66   0.454217051929805E+16   0.459796643237069E+16
      67   0.459796643237069E+16   0.464080057925632E+16
      68   0.464080057925632E+16   0.469030426388070E+16
      69   0.469030426388070E+16   0.475513713092198E+16
      70   0.475513713092198E+16   0.480815123785318E+16
      71   0.480815123785318E+16   0.484935118959411E+16
      72   0.484935118959411E+16   0.491071868498330E+16
      73   0.491071868498330E+16   0.495209652561510E+16
      74   0.495209652561510E+16   0.500341114680678E+16
      75   0.500341114680678E+16   0.504320147246285E+16
      76   0.504320147246285E+16   0.509464140189747E+16
      77   0.509464140189747E+16   0.517724542127309E+16
      78   0.517724542127309E+16   0.525299068715008E+16
      79   0.525299068715008E+16   0.534007617141146E+16
      80   0.534007617141146E+16   0.543528520699085E+16
      81   0.543528520699085E+16   0.551202783745280E+16
      82   0.551202783745280E+16   0.562378219454464E+16
      83   0.562378219454464E+16   0.572401837339443E+16
      84   0.572401837339443E+16   0.582419581650125E+16
      85   0.582419581650125E+16   0.590219625627648E+16
      86   0.590219625627648E+16   0.599178058262118E+16
      87   0.599178058262118E+16   0.604845115152947E+16
      88   0.604845115152947E+16   0.611177550224845E+16
      89   0.611177550224845E+16   0.619172391074253E+16
      90   0.619172391074253E+16   0.625435169574093E+16
      91   0.625435169574093E+16   0.632993915699200E+16
      92   0.632993915699200E+16   0.639842944448512E+16
      93   0.639842944448512E+16   0.645534245611110E+16
      94   0.645534245611110E+16   0.652625404179251E+16
      95   0.652625404179251E+16   0.659434531972710E+16
      96   0.659434531972710E+16   0.664895911047987E+16
      97   0.664895911047987E+16   0.669576754169446E+16
      98   0.669576754169446E+16   0.675769424022733E+16
      99   0.675769424022733E+16   0.683515214183219E+16
     100   0.683515214183219E+16   0.690259805339648E+16
     101   0.690259805339648E+16   0.695185907240141E+16
     102   0.695185907240141E+16   0.700832835803546E+16
     103   0.700832835803546E+16   0.711859197129523E+16
     104   0.711859197129523E+16   0.723052984418714E+16
     105   0.723052984418714E+16   0.729257757533798E+16
     106   0.729257757533798E+16   0.736914511622963E+16
     107   0.736914511622963E+16   0.743447021145293E+16
     108   0.743447021145293E+16   0.753988475233894E+16
     109   0.753988475233894E+16   0.764155523645440E+16
     110   0.764155523645440E+16   0.771400322904883E+16
     111   0.771400322904883E+16   0.776913538032077E+16
     112   0.776913538032077E+16   0.783953918951424E+16
     113   0.783953918951424E+16   0.788415957630976E+16
     114   0.788415957630976E+16   0.798863175047578E+16
     115   0.798863175047578E+16   0.812878260745011E+16
     116   0.812878260745011E+16   0.824995831541350E+16
     117   0.824995831541350E+16   0.835434898623693E+16
     118   0.835434898623693E+16   0.844503005767270E+16
     119   0.844503005767270E+16   0.849375699121766E+16
     120   0.849375699121766E+16   0.853513448075571E+16
     121   0.853513448075571E+16   0.860126858773299E+16
     122   0.860126858773299E+16   0.866773415598490E+16
     123   0.866773415598490E+16   0.872213518981939E+16
     124   0.872213518981939E+16   0.876907188608614E+16
     125   0.876907188608614E+16   0.883593789233971E+16
     126   0.883593789233971E+16   0.892515427844506E+16
     127   0.892515427844506E+16   0.898936961551565E+16
     128   0.898936961551565E+16   0.905626410575462E+16
     129   0.905626410575462E+16   0.910487641181389E+16
     130   0.910487641181389E+16   0.917201399421338E+16
     131   0.917201399421338E+16   0.924823717806080E+16
     132   0.924823717806080E+16   0.931952949041562E+16
     133   0.931952949041562E+16   0.938344395649843E+16
     134   0.938344395649843E+16   0.950419284662682E+16
     135   0.950419284662682E+16   0.959689646322893E+16
     136   0.959689646322893E+16   0.968556307625984E+16
     137   0.968556307625984E+16   0.976730782380851E+16
     138   0.976730782380851E+16   0.987574600028979E+16
     139   0.987574600028979E+16   0.994770729651814E+16
     140   0.994770729651814E+16   0.100300751377859E+17
     141   0.100300751377859E+17   0.100700686598799E+17
     142   0.100700686598799E+17   0.101151322870907E+17
     143   0.101151322870907E+17   0.101676428956795E+17
     144   0.101676428956795E+17   0.102396690863227E+17
     145   0.102396690863227E+17   0.102921932864799E+17
     146   0.102921932864799E+17   0.103712112550871E+17
     147   0.103712112550871E+17   0.104414874660045E+17
     148   0.104414874660045E+17   0.104963288554537E+17
     149   0.104963288554537E+17   0.105556053310956E+17
     150   0.105556053310956E+17   0.106589721051791E+17
     151   0.106589721051791E+17   0.107285042207130E+17
     152   0.107285042207130E+17   0.107943102084301E+17
     153   0.107943102084301E+17   0.108718112483574E+17
     154   0.108718112483574E+17   0.109514068354089E+17
     155   0.109514068354089E+17   0.110649810609111E+17
     156   0.110649810609111E+17   0.111567088774021E+17
     157   0.111567088774021E+17   0.112640915155190E+17
     158   0.112640915155190E+17   0.113352361924035E+17
     159   0.113352361924035E+17   0.113887174459924E+17
     160   0.113887174459924E+17   0.114554021705984E+17
     161   0.114554021705984E+17   0.115370778333020E+17
     162   0.115370778333020E+17   0.116185675247124E+17
     163   0.116185675247124E+17   0.116825283603988E+17
     164   0.116825283603988E+17   0.117831234843863E+17
     165   0.117831234843863E+17   0.118599012905574E+17
     166   0.118599012905574E+17   0.119270790964183E+17
     167   0.119270790964183E+17   0.119856055294362E+17
     168   0.119856055294362E+17   0.120739812267786E+17
     169   0.120739812267786E+17   0.121522157120389E+17
     170   0.121522157120389E+17   0.121985175126016E+17
     171   0.121985175126016E+17   0.122519612435333E+17
     172   0.122519612435333E+17   0.123461026081997E+17
     173   0.123461026081997E+17   0.124618638432788E+17
     174   0.124618638432788E+17   0.125387268582932E+17
     175   0.125387268582932E+17   0.125996534134211E+17
     176   0.125996534134211E+17   0.126572728071910E+17
     177   0.126572728071910E+17   0.126932334291190E+17
     178   0.126932334291190E+17   0.127420309113405E+17
     179   0.127420309113405E+17   0.127972536751964E+17
     180   0.127972536751964E+17   0.128452341069251E+17
     181   0.128452341069251E+17   0.129204148316406E+17
     182   0.129204148316406E+17   0.129950515558154E+17
     183   0.129950515558154E+17   0.130537600729257E+17
     184   0.130537600729257E+17   0.131247100535276E+17
     185   0.131247100535276E+17   0.131780757566587E+17
     186   0.131780757566587E+17   0.132251872290120E+17
     187   0.132251872290120E+17   0.133052703144428E+17
     188   0.133052703144428E+17   0.133964819424502E+17
     189   0.133964819424502E+17   0.134642163295191E+17
     190   0.134642163295191E+17   0.135189156693606E+17
     191   0.135189156693606E+17   0.135808714685809E+17
     192   0.135808714685809E+17   0.136750501187789E+17
     193   0.136750501187789E+17   0.137637231287337E+17
     194   0.137637231287337E+17   0.138323100820439E+17
     195   0.138323100820439E+17   0.138990416455270E+17
     196   0.138990416455270E+17   0.139593649851515E+17
     197   0.139593649851515E+17   0.140254072673403E+17
     198   0.140254072673403E+17   0.140722969939804E+17
     199   0.140722969939804E+17   0.141310309038817E+17
     200   0.141310309038817E+17   0.142002220973752E+17
     201   0.142002220973752E+17   0.142563201085604E+17
     202   0.142563201085604E+17   0.142976317016566E+17
     203   0.142976317016566E+17   0.143462768734372E+17
     204   0.143462768734372E+17   0.143963130785956E+17
     205   0.143963130785956E+17   0.144667962517750E+17
     206   0.144667962517750E+17   0.145556984182456E+17
     207   0.145556984182456E+17   0.146269711939666E+17
     208   0.146269711939666E+17   0.147098158558085E+17
     209   0.147098158558085E+17   0.147990189311631E+17
     210   0.147990189311631E+17   0.148880975630172E+17
     211   0.148880975630172E+17   0.149902049977303E+17
     212   0.149902049977303E+17   0.150543272161526E+17
     213   0.150543272161526E+17   0.151129134548910E+17
     214   0.151129134548910E+17   0.152004871752376E+17
     215   0.152004871752376E+17   0.152840831185715E+17
     216   0.152840831185715E+17   0.153733078180168E+17
     217   0.153733078180168E+17   0.154593251662234E+17
     218   0.154593251662234E+17   0.155368917890499E+17
     219   0.155368917890499E+17   0.156249046810624E+17
     220   0.156249046810624E+17   0.156960844488049E+17
     221   0.156960844488049E+17   0.157656396668600E+17
     222   0.157656396668600E+17   0.158103818606551E+17
     223   0.158103818606551E+17   0.159040778104996E+17
     224   0.159040778104996E+17   0.159616093902602E+17
     225   0.159616093902602E+17   0.160036475683308E+17
     226   0.160036475683308E+17   0.160607416615240E+17
     227   0.160607416615240E+17   0.161045388053258E+17
     228   0.161045388053258E+17   0.162106744305091E+17
     229   0.162106744305091E+17   0.162610654292214E+17
     230   0.162610654292214E+17   0.163284640582861E+17
     231   0.163284640582861E+17   0.163801975131996E+17
     232   0.163801975131996E+17   0.164290318093517E+17
     233   0.164290318093517E+17   0.164865843700475E+17
     234   0.164865843700475E+17   0.165599243646730E+17
     235   0.165599243646730E+17   0.166303374329364E+17
     236   0.166303374329364E+17   0.166955073147208E+17
     237   0.166955073147208E+17   0.167423378656788E+17
     238   0.167423378656788E+17   0.167830922204611E+17
     239   0.167830922204611E+17   0.168660113942077E+17
     240   0.168660113942077E+17   0.169273311493161E+17
     241   0.169273311493161E+17   0.170073322284646E+17
     242   0.170073322284646E+17   0.170967400583004E+17
     243   0.170967400583004E+17   0.171623362893332E+17
     244   0.171623362893332E+17   0.172060039773430E+17
     245   0.172060039773430E+17   0.172934345032131E+17
     246   0.172934345032131E+17   0.173628699214807E+17
     247   0.173628699214807E+17   0.174368712421868E+17
     248   0.174368712421868E+17   0.174797790139581E+17
     249   0.174797790139581E+17   0.175409378391163E+17
     250   0.175409378391163E+17   0.175936644057129E+17
     251   0.175936644057129E+17   0.176737225217562E+17
     252   0.176737225217562E+17   0.177229491937935E+17
     253   0.177229491937935E+17   0.177927961978470E+17
     254   0.177927961978470E+17   0.178423470311342E+17
     255   0.178423470311342E+17   0.179004014707343E+17
     256   0.179004014707343E+17   0.180143985094820E+17
