ncpu        =        256
ndim        =          3
levelmin    =         10
levelmax    =         17
ngridmax    =    4687500
nstep_coarse=        145
 
boxlen      =  0.100000000000000E+01
time        = -0.725407359695845E+01
aexp        =  0.100002439319938E+00
H0          =  0.676600036621094E+02
omega_m     =  0.311100006103516E+00
omega_l     =  0.688899993896484E+00
omega_k     =  0.000000000000000E+00
omega_b     =  0.469999983906746E-01
unit_l      =  0.582692303592791E+26
unit_d      =  0.267725736338821E-26
unit_t      =  0.455239446826370E+16
 
ordering type=hilbert                                                                         
   DOMAIN   ind_min                 ind_max
       1   0.000000000000000E+00   0.795880928051200E+14
       2   0.795880928051200E+14   0.155717933727744E+15
       3   0.155717933727744E+15   0.229147074887680E+15
       4   0.229147074887680E+15   0.301134635859968E+15
       5   0.301134635859968E+15   0.364725667889152E+15
       6   0.364725667889152E+15   0.434239797460992E+15
       7   0.434239797460992E+15   0.500609643970560E+15
       8   0.500609643970560E+15   0.553586054397952E+15
       9   0.553586054397952E+15   0.608839439220736E+15
      10   0.608839439220736E+15   0.660893360717824E+15
      11   0.660893360717824E+15   0.725370141671424E+15
      12   0.725370141671424E+15   0.795213798834176E+15
      13   0.795213798834176E+15   0.861134768832512E+15
      14   0.861134768832512E+15   0.936075958681600E+15
      15   0.936075958681600E+15   0.100871375421440E+16
      16   0.100871375421440E+16   0.107687938149581E+16
      17   0.107687938149581E+16   0.114400970355507E+16
      18   0.114400970355507E+16   0.120492658366874E+16
      19   0.120492658366874E+16   0.126829261855130E+16
      20   0.126829261855130E+16   0.134739074954035E+16
      21   0.134739074954035E+16   0.142192507512422E+16
      22   0.142192507512422E+16   0.149334703629926E+16
      23   0.149334703629926E+16   0.157127148988006E+16
      24   0.157127148988006E+16   0.162958926046822E+16
      25   0.162958926046822E+16   0.169836395102208E+16
      26   0.169836395102208E+16   0.175856632332288E+16
      27   0.175856632332288E+16   0.181752956348006E+16
      28   0.181752956348006E+16   0.188646870011085E+16
      29   0.188646870011085E+16   0.195834469679104E+16
      30   0.195834469679104E+16   0.203146089883238E+16
      31   0.203146089883238E+16   0.209949071035597E+16
      32   0.209949071035597E+16   0.217351354895565E+16
      33   0.217351354895565E+16   0.224572332415386E+16
      34   0.224572332415386E+16   0.232092301734707E+16
      35   0.232092301734707E+16   0.239005195881677E+16
      36   0.239005195881677E+16   0.246434885323981E+16
      37   0.246434885323981E+16   0.254358928857498E+16
      38   0.254358928857498E+16   0.262408612138189E+16
      39   0.262408612138189E+16   0.270053980871066E+16
      40   0.270053980871066E+16   0.277642480084582E+16
      41   0.277642480084582E+16   0.285423575026893E+16
      42   0.285423575026893E+16   0.292537539074458E+16
      43   0.292537539074458E+16   0.299435488077414E+16
      44   0.299435488077414E+16   0.306465941854618E+16
      45   0.306465941854618E+16   0.313762134989210E+16
      46   0.313762134989210E+16   0.321444729218662E+16
      47   0.321444729218662E+16   0.329538529656832E+16
      48   0.329538529656832E+16   0.337842733160858E+16
      49   0.337842733160858E+16   0.344178976148685E+16
      50   0.344178976148685E+16   0.351544606615142E+16
      51   0.351544606615142E+16   0.358642145139098E+16
      52   0.358642145139098E+16   0.364530498954854E+16
      53   0.364530498954854E+16   0.371544427803443E+16
      54   0.371544427803443E+16   0.377931964612608E+16
      55   0.377931964612608E+16   0.384626039613030E+16
      56   0.384626039613030E+16   0.391761861646746E+16
      57   0.391761861646746E+16   0.398655649900134E+16
      58   0.398655649900134E+16   0.406001285070848E+16
      59   0.406001285070848E+16   0.413163754147021E+16
      60   0.413163754147021E+16   0.420087337058304E+16
      61   0.420087337058304E+16   0.425938823990477E+16
      62   0.425938823990477E+16   0.432724605560422E+16
      63   0.432724605560422E+16   0.438792572266086E+16
      64   0.438792572266086E+16   0.445946533196595E+16
      65   0.445946533196595E+16   0.453306306946662E+16
      66   0.453306306946662E+16   0.459850796708659E+16
      67   0.459850796708659E+16   0.466076215122330E+16
      68   0.466076215122330E+16   0.472755752612659E+16
      69   0.472755752612659E+16   0.479712728894669E+16
      70   0.479712728894669E+16   0.485076755493683E+16
      71   0.485076755493683E+16   0.491376030515200E+16
      72   0.491376030515200E+16   0.497347193523405E+16
      73   0.497347193523405E+16   0.503426971389133E+16
      74   0.503426971389133E+16   0.509624823945626E+16
      75   0.509624823945626E+16   0.517103477692826E+16
      76   0.517103477692826E+16   0.523716603255194E+16
      77   0.523716603255194E+16   0.531250920449638E+16
      78   0.531250920449638E+16   0.539356775317504E+16
      79   0.539356775317504E+16   0.546403044976230E+16
      80   0.546403044976230E+16   0.553978947855974E+16
      81   0.553978947855974E+16   0.562063885520077E+16
      82   0.562063885520077E+16   0.569945691783168E+16
      83   0.569945691783168E+16   0.577925269362688E+16
      84   0.577925269362688E+16   0.585525834966630E+16
      85   0.585525834966630E+16   0.592828061188096E+16
      86   0.592828061188096E+16   0.600176898500198E+16
      87   0.600176898500198E+16   0.606853000069120E+16
      88   0.606853000069120E+16   0.613658939464090E+16
      89   0.613658939464090E+16   0.621160355908813E+16
      90   0.621160355908813E+16   0.627813494082765E+16
      91   0.627813494082765E+16   0.635427717801574E+16
      92   0.635427717801574E+16   0.642314096397517E+16
      93   0.642314096397517E+16   0.648560811756749E+16
      94   0.648560811756749E+16   0.655928744266957E+16
      95   0.655928744266957E+16   0.662156395098931E+16
      96   0.662156395098931E+16   0.668704938183885E+16
      97   0.668704938183885E+16   0.675607958939238E+16
      98   0.675607958939238E+16   0.683127513861325E+16
      99   0.683127513861325E+16   0.690226848176538E+16
     100   0.690226848176538E+16   0.696363383363994E+16
     101   0.696363383363994E+16   0.703359032806605E+16
     102   0.703359032806605E+16   0.711096332504269E+16
     103   0.711096332504269E+16   0.719411942837453E+16
     104   0.719411942837453E+16   0.725965583102771E+16
     105   0.725965583102771E+16   0.733053173366784E+16
     106   0.733053173366784E+16   0.740159270577766E+16
     107   0.740159270577766E+16   0.747795492582195E+16
     108   0.747795492582195E+16   0.755498697621504E+16
     109   0.755498697621504E+16   0.763494602008166E+16
     110   0.763494602008166E+16   0.770546149097472E+16
     111   0.770546149097472E+16   0.777301963204198E+16
     112   0.777301963204198E+16   0.784329021272883E+16
     113   0.784329021272883E+16   0.790866362472858E+16
     114   0.790866362472858E+16   0.798367215832269E+16
     115   0.798367215832269E+16   0.806602587452211E+16
     116   0.806602587452211E+16   0.814700818753126E+16
     117   0.814700818753126E+16   0.822961176680858E+16
     118   0.822961176680858E+16   0.830599869969203E+16
     119   0.830599869969203E+16   0.838247888034202E+16
     120   0.838247888034202E+16   0.845932060999680E+16
     121   0.845932060999680E+16   0.852289233354752E+16
     122   0.852289233354752E+16   0.858800608457523E+16
     123   0.858800608457523E+16   0.866052115477299E+16
     124   0.866052115477299E+16   0.872942551642931E+16
     125   0.872942551642931E+16   0.879245713106534E+16
     126   0.879245713106534E+16   0.886246153178317E+16
     127   0.886246153178317E+16   0.893890081901773E+16
     128   0.893890081901773E+16   0.901181198250803E+16
     129   0.901181198250803E+16   0.907177159871693E+16
     130   0.907177159871693E+16   0.913939724081562E+16
     131   0.913939724081562E+16   0.921209902465024E+16
     132   0.921209902465024E+16   0.928267531976704E+16
     133   0.928267531976704E+16   0.935524528501555E+16
     134   0.935524528501555E+16   0.942901658281574E+16
     135   0.942901658281574E+16   0.951044924663398E+16
     136   0.951044924663398E+16   0.958666619276493E+16
     137   0.958666619276493E+16   0.966247939519283E+16
     138   0.966247939519283E+16   0.973666252331418E+16
     139   0.973666252331418E+16   0.981203200822477E+16
     140   0.981203200822477E+16   0.988871222571827E+16
     141   0.988871222571827E+16   0.995934714881638E+16
     142   0.995934714881638E+16   0.100322096793518E+17
     143   0.100322096793518E+17   0.100912484130488E+17
     144   0.100912484130488E+17   0.101514955592827E+17
     145   0.101514955592827E+17   0.102211887059436E+17
     146   0.102211887059436E+17   0.102856896356024E+17
     147   0.102856896356024E+17   0.103602290614600E+17
     148   0.103602290614600E+17   0.104316099415245E+17
     149   0.104316099415245E+17   0.104970193574298E+17
     150   0.104970193574298E+17   0.105674529455473E+17
     151   0.105674529455473E+17   0.106392740534682E+17
     152   0.106392740534682E+17   0.107102835425935E+17
     153   0.107102835425935E+17   0.107828449850163E+17
     154   0.107828449850163E+17   0.108543947445371E+17
     155   0.108543947445371E+17   0.109294794173317E+17
     156   0.109294794173317E+17   0.110119174348472E+17
     157   0.110119174348472E+17   0.110907189111030E+17
     158   0.110907189111030E+17   0.111675925342454E+17
     159   0.111675925342454E+17   0.112478598169887E+17
     160   0.112478598169887E+17   0.113212107029217E+17
     161   0.113212107029217E+17   0.113848394291610E+17
     162   0.113848394291610E+17   0.114572980608041E+17
     163   0.114572980608041E+17   0.115316950816522E+17
     164   0.115316950816522E+17   0.116083799527260E+17
     165   0.116083799527260E+17   0.116766616196219E+17
     166   0.116766616196219E+17   0.117532549793710E+17
     167   0.117532549793710E+17   0.118336725209580E+17
     168   0.118336725209580E+17   0.118961326868398E+17
     169   0.118961326868398E+17   0.119658217021112E+17
     170   0.119658217021112E+17   0.120393260240732E+17
     171   0.120393260240732E+17   0.121091379877642E+17
     172   0.121091379877642E+17   0.121823695743222E+17
     173   0.121823695743222E+17   0.122423944434156E+17
     174   0.122423944434156E+17   0.123093395114557E+17
     175   0.123093395114557E+17   0.123921626541588E+17
     176   0.123921626541588E+17   0.124711609774899E+17
     177   0.124711609774899E+17   0.125428402193695E+17
     178   0.125428402193695E+17   0.126097532114698E+17
     179   0.126097532114698E+17   0.126691540604027E+17
     180   0.126691540604027E+17   0.127313939938673E+17
     181   0.127313939938673E+17   0.127942988943852E+17
     182   0.127942988943852E+17   0.128592202652713E+17
     183   0.128592202652713E+17   0.129323446671770E+17
     184   0.129323446671770E+17   0.130041148122071E+17
     185   0.130041148122071E+17   0.130698100615414E+17
     186   0.130698100615414E+17   0.131418527524454E+17
     187   0.131418527524454E+17   0.131990799201075E+17
     188   0.131990799201075E+17   0.132651367855555E+17
     189   0.132651367855555E+17   0.133440219633418E+17
     190   0.133440219633418E+17   0.134171350238495E+17
     191   0.134171350238495E+17   0.134899169692221E+17
     192   0.134899169692221E+17   0.135515581720822E+17
     193   0.135515581720822E+17   0.136249139821281E+17
     194   0.136249139821281E+17   0.137043634447974E+17
     195   0.137043634447974E+17   0.137817273820774E+17
     196   0.137817273820774E+17   0.138477091610952E+17
     197   0.138477091610952E+17   0.139157240702566E+17
     198   0.139157240702566E+17   0.139891060401766E+17
     199   0.139891060401766E+17   0.140482272388710E+17
     200   0.140482272388710E+17   0.141100198007931E+17
     201   0.141100198007931E+17   0.141812467331236E+17
     202   0.141812467331236E+17   0.142506818357166E+17
     203   0.142506818357166E+17   0.143080463206973E+17
     204   0.143080463206973E+17   0.143737572672143E+17
     205   0.143737572672143E+17   0.144390827131535E+17
     206   0.144390827131535E+17   0.145148380006318E+17
     207   0.145148380006318E+17   0.145864172209439E+17
     208   0.145864172209439E+17   0.146555068009677E+17
     209   0.146555068009677E+17   0.147338414805484E+17
     210   0.147338414805484E+17   0.148059062901146E+17
     211   0.148059062901146E+17   0.148823326494556E+17
     212   0.148823326494556E+17   0.149631982937047E+17
     213   0.149631982937047E+17   0.150292900222075E+17
     214   0.150292900222075E+17   0.150948389972869E+17
     215   0.150948389972869E+17   0.151643252976517E+17
     216   0.151643252976517E+17   0.152405546484367E+17
     217   0.152405546484367E+17   0.153134410990879E+17
     218   0.153134410990879E+17   0.153940484245422E+17
     219   0.153940484245422E+17   0.154690579312148E+17
     220   0.154690579312148E+17   0.155425579749868E+17
     221   0.155425579749868E+17   0.156182821742838E+17
     222   0.156182821742838E+17   0.156913194856612E+17
     223   0.156913194856612E+17   0.157618574972682E+17
     224   0.157618574972682E+17   0.158220677525012E+17
     225   0.158220677525012E+17   0.158991736142561E+17
     226   0.158991736142561E+17   0.159643071330386E+17
     227   0.159643071330386E+17   0.160247248112845E+17
     228   0.160247248112845E+17   0.160804203218862E+17
     229   0.160804203218862E+17   0.161554514250301E+17
     230   0.161554514250301E+17   0.162290495295324E+17
     231   0.162290495295324E+17   0.163009080024105E+17
     232   0.163009080024105E+17   0.163630564392305E+17
     233   0.163630564392305E+17   0.164259826950472E+17
     234   0.164259826950472E+17   0.164903338020700E+17
     235   0.164903338020700E+17   0.165621506800353E+17
     236   0.165621506800353E+17   0.166321703372718E+17
     237   0.166321703372718E+17   0.167021913435013E+17
     238   0.167021913435013E+17   0.167601104371057E+17
     239   0.167601104371057E+17   0.168282128478372E+17
     240   0.168282128478372E+17   0.168986504792637E+17
     241   0.168986504792637E+17   0.169687547809628E+17
     242   0.169687547809628E+17   0.170450048956498E+17
     243   0.170450048956498E+17   0.171203749111398E+17
     244   0.171203749111398E+17   0.171834516397097E+17
     245   0.171834516397097E+17   0.172491011207987E+17
     246   0.172491011207987E+17   0.173276239862170E+17
     247   0.173276239862170E+17   0.173983985796383E+17
     248   0.173983985796383E+17   0.174640740821893E+17
     249   0.174640740821893E+17   0.175322583007232E+17
     250   0.175322583007232E+17   0.175961446222397E+17
     251   0.175961446222397E+17   0.176696121748357E+17
     252   0.176696121748357E+17   0.177350030854717E+17
     253   0.177350030854717E+17   0.178021455835955E+17
     254   0.178021455835955E+17   0.178621140686602E+17
     255   0.178621140686602E+17   0.179354524975104E+17
     256   0.179354524975104E+17   0.180143985094820E+17
