ncpu        =         32
ndim        =          3
levelmin    =          8
levelmax    =         18
ngridmax    =    7500000
nstep_coarse=        213
 
boxlen      =  0.100000000000000E+01
time        = -0.216919661505401E+01
aexp        =  0.333740797349505E+00
H0          =  0.676600036621094E+02
omega_m     =  0.311100006103516E+00
omega_l     =  0.688899993896484E+00
omega_k     =  0.000000000000000E+00
omega_b     =  0.000000000000000E+00
unit_l      =  0.194463450424759E+27
unit_d      =  0.720267808965079E-28
unit_t      =  0.507034251350191E+17
 
ordering type=hilbert                                                                         
   DOMAIN   ind_min                 ind_max
       1   0.000000000000000E+00   0.121480723654246E+17
       2   0.121480723654246E+17   0.121549915904737E+17
       3   0.121549915904737E+17   0.121578220032942E+17
       4   0.121578220032942E+17   0.249140659020104E+17
       5   0.249140659020104E+17   0.328691259999846E+17
       6   0.328691259999846E+17   0.328819466127278E+17
       7   0.328819466127278E+17   0.328838161149460E+17
       8   0.328838161149460E+17   0.328961733429699E+17
       9   0.328961733429699E+17   0.391633455808512E+17
      10   0.391633455808512E+17   0.391730181886648E+17
      11   0.391730181886648E+17   0.391755153584579E+17
      12   0.391755153584579E+17   0.391829357091758E+17
      13   0.391829357091758E+17   0.649036223925453E+17
      14   0.649036223925453E+17   0.649044636181453E+17
      15   0.649044636181453E+17   0.649069126415811E+17
      16   0.649069126415811E+17   0.649094967008952E+17
      17   0.649094967008952E+17   0.650142134627236E+17
      18   0.650142134627236E+17   0.792043955512934E+17
      19   0.792043955512934E+17   0.792115648464814E+17
      20   0.792115648464814E+17   0.999307979176018E+17
      21   0.999307979176018E+17   0.104939396346425E+18
      22   0.104939396346425E+18   0.104945390838186E+18
      23   0.104945390838186E+18   0.111218292512260E+18
      24   0.111218292512260E+18   0.111231576544379E+18
      25   0.111231576544379E+18   0.111232281772950E+18
      26   0.111232281772950E+18   0.111234963889717E+18
      27   0.111234963889717E+18   0.111243859220398E+18
      28   0.111243859220398E+18   0.131955002504577E+18
      29   0.131955002504577E+18   0.131959619776721E+18
      30   0.131959619776721E+18   0.131960635686191E+18
      31   0.131960635686191E+18   0.131966815441551E+18
      32   0.131966815441551E+18   0.144115188075856E+18
