ncpu        =        256
ndim        =          3
levelmin    =         10
levelmax    =         17
ngridmax    =    4687500
nstep_coarse=        145
 
boxlen      =  0.100000000000000E+01
time        = -0.725255075002125E+01
aexp        =  0.100029410389484E+00
H0          =  0.676600036621094E+02
omega_m     =  0.311100006103516E+00
omega_l     =  0.688899993896484E+00
omega_k     =  0.000000000000000E+00
omega_b     =  0.469999983906746E-01
unit_l      =  0.582849458105727E+26
unit_d      =  0.267509232933481E-26
unit_t      =  0.455485039846240E+16
 
ordering type=hilbert                                                                         
   DOMAIN   ind_min                 ind_max
       1   0.000000000000000E+00   0.797702430392320E+14
       2   0.797702430392320E+14   0.156179875495936E+15
       3   0.156179875495936E+15   0.229505383792640E+15
       4   0.229505383792640E+15   0.301624614453248E+15
       5   0.301624614453248E+15   0.364792736907264E+15
       6   0.364792736907264E+15   0.434376798109696E+15
       7   0.434376798109696E+15   0.500733761814528E+15
       8   0.500733761814528E+15   0.553323761500160E+15
       9   0.553323761500160E+15   0.608380691415040E+15
      10   0.608380691415040E+15   0.660163300163584E+15
      11   0.660163300163584E+15   0.724915593957376E+15
      12   0.724915593957376E+15   0.794100932542464E+15
      13   0.794100932542464E+15   0.860065842069504E+15
      14   0.860065842069504E+15   0.935182941028352E+15
      15   0.935182941028352E+15   0.100785522422579E+16
      16   0.100785522422579E+16   0.107595405092454E+16
      17   0.107595405092454E+16   0.114282694338150E+16
      18   0.114282694338150E+16   0.120412225037926E+16
      19   0.120412225037926E+16   0.126702204642918E+16
      20   0.126702204642918E+16   0.134596319300813E+16
      21   0.134596319300813E+16   0.142071716590387E+16
      22   0.142071716590387E+16   0.149216493672858E+16
      23   0.149216493672858E+16   0.157017276678144E+16
      24   0.157017276678144E+16   0.162901732517478E+16
      25   0.162901732517478E+16   0.169684267696128E+16
      26   0.169684267696128E+16   0.175798984114176E+16
      27   0.175798984114176E+16   0.181593855492096E+16
      28   0.181593855492096E+16   0.188492134167347E+16
      29   0.188492134167347E+16   0.195648133529600E+16
      30   0.195648133529600E+16   0.203009527539302E+16
      31   0.203009527539302E+16   0.209756730320486E+16
      32   0.209756730320486E+16   0.217206354450842E+16
      33   0.217206354450842E+16   0.224387189125939E+16
      34   0.224387189125939E+16   0.231969235612467E+16
      35   0.231969235612467E+16   0.238896727195648E+16
      36   0.238896727195648E+16   0.246308363514675E+16
      37   0.246308363514675E+16   0.254234660018586E+16
      38   0.254234660018586E+16   0.262321098614374E+16
      39   0.262321098614374E+16   0.269974621283942E+16
      40   0.269974621283942E+16   0.277555099310490E+16
      41   0.277555099310490E+16   0.285357028199629E+16
      42   0.285357028199629E+16   0.292478474885530E+16
      43   0.292478474885530E+16   0.299360896575078E+16
      44   0.299360896575078E+16   0.306393554878464E+16
      45   0.306393554878464E+16   0.313677997250970E+16
      46   0.313677997250970E+16   0.321397999848653E+16
      47   0.321397999848653E+16   0.329499943737754E+16
      48   0.329499943737754E+16   0.337829784505549E+16
      49   0.337829784505549E+16   0.344154997941862E+16
      50   0.344154997941862E+16   0.351517633884979E+16
      51   0.351517633884979E+16   0.358607804484813E+16
      52   0.358607804484813E+16   0.364483427539354E+16
      53   0.364483427539354E+16   0.371490154558259E+16
      54   0.371490154558259E+16   0.377910174600397E+16
      55   0.377910174600397E+16   0.384558786464973E+16
      56   0.384558786464973E+16   0.391680143183053E+16
      57   0.391680143183053E+16   0.398560873729229E+16
      58   0.398560873729229E+16   0.405952296019558E+16
      59   0.405952296019558E+16   0.413109941226701E+16
      60   0.413109941226701E+16   0.420048537858867E+16
      61   0.420048537858867E+16   0.425869420003328E+16
      62   0.425869420003328E+16   0.432655293847962E+16
      63   0.432655293847962E+16   0.438679779042918E+16
      64   0.438679779042918E+16   0.445832277000192E+16
      65   0.445832277000192E+16   0.453190047550669E+16
      66   0.453190047550669E+16   0.459734274539520E+16
      67   0.459734274539520E+16   0.465920157810688E+16
      68   0.465920157810688E+16   0.472573070540800E+16
      69   0.472573070540800E+16   0.479629935011430E+16
      70   0.479629935011430E+16   0.484909338591232E+16
      71   0.484909338591232E+16   0.491172381117645E+16
      72   0.491172381117645E+16   0.497134474362880E+16
      73   0.497134474362880E+16   0.503193761375846E+16
      74   0.503193761375846E+16   0.509295654967706E+16
      75   0.509295654967706E+16   0.516773398760653E+16
      76   0.516773398760653E+16   0.523426785237402E+16
      77   0.523426785237402E+16   0.530910007420518E+16
      78   0.530910007420518E+16   0.539096992500941E+16
      79   0.539096992500941E+16   0.546150700757811E+16
      80   0.546150700757811E+16   0.553713025626931E+16
      81   0.553713025626931E+16   0.561819211005952E+16
      82   0.561819211005952E+16   0.569720209355571E+16
      83   0.569720209355571E+16   0.577719112826880E+16
      84   0.577719112826880E+16   0.585306825188966E+16
      85   0.585306825188966E+16   0.592594923945984E+16
      86   0.592594923945984E+16   0.600005775301018E+16
      87   0.600005775301018E+16   0.606653503871386E+16
      88   0.606653503871386E+16   0.613505245066035E+16
      89   0.613505245066035E+16   0.621006259486720E+16
      90   0.621006259486720E+16   0.627664581820416E+16
      91   0.627664581820416E+16   0.635297404131738E+16
      92   0.635297404131738E+16   0.642151151252275E+16
      93   0.642151151252275E+16   0.648397051448525E+16
      94   0.648397051448525E+16   0.655809416318157E+16
      95   0.655809416318157E+16   0.662003034305331E+16
      96   0.662003034305331E+16   0.668534042945126E+16
      97   0.668534042945126E+16   0.675417215008768E+16
      98   0.675417215008768E+16   0.682935439903949E+16
      99   0.682935439903949E+16   0.690029378666496E+16
     100   0.690029378666496E+16   0.696173940074086E+16
     101   0.696173940074086E+16   0.703143955608371E+16
     102   0.703143955608371E+16   0.710888239661056E+16
     103   0.710888239661056E+16   0.719239491511910E+16
     104   0.719239491511910E+16   0.725828090462208E+16
     105   0.725828090462208E+16   0.732862679823155E+16
     106   0.732862679823155E+16   0.739974528054067E+16
     107   0.739974528054067E+16   0.747631906337587E+16
     108   0.747631906337587E+16   0.755370771349504E+16
     109   0.755370771349504E+16   0.763378095305523E+16
     110   0.763378095305523E+16   0.770428282444186E+16
     111   0.770428282444186E+16   0.777146461899981E+16
     112   0.777146461899981E+16   0.784229615638938E+16
     113   0.784229615638938E+16   0.790712833330381E+16
     114   0.790712833330381E+16   0.798235288194253E+16
     115   0.798235288194253E+16   0.806510913807974E+16
     116   0.806510913807974E+16   0.814632444887040E+16
     117   0.814632444887040E+16   0.822911361771110E+16
     118   0.822911361771110E+16   0.830574913860403E+16
     119   0.830574913860403E+16   0.838246578362778E+16
     120   0.838246578362778E+16   0.845942584718131E+16
     121   0.845942584718131E+16   0.852279876701389E+16
     122   0.852279876701389E+16   0.858783809431142E+16
     123   0.858783809431142E+16   0.866035467445862E+16
     124   0.866035467445862E+16   0.872910125898138E+16
     125   0.872910125898138E+16   0.879195259614003E+16
     126   0.879195259614003E+16   0.886229869448397E+16
     127   0.886229869448397E+16   0.893864607376998E+16
     128   0.893864607376998E+16   0.901168605272474E+16
     129   0.901168605272474E+16   0.907159863400858E+16
     130   0.907159863400858E+16   0.913912063485542E+16
     131   0.913912063485542E+16   0.921189608744550E+16
     132   0.921189608744550E+16   0.928264201699328E+16
     133   0.928264201699328E+16   0.935529252965581E+16
     134   0.935529252965581E+16   0.942908827185971E+16
     135   0.942908827185971E+16   0.951067293725491E+16
     136   0.951067293725491E+16   0.958717101919437E+16
     137   0.958717101919437E+16   0.966290093952205E+16
     138   0.966290093952205E+16   0.973726905322701E+16
     139   0.973726905322701E+16   0.981250104256102E+16
     140   0.981250104256102E+16   0.988904809719398E+16
     141   0.988904809719398E+16   0.995982986942874E+16
     142   0.995982986942874E+16   0.100328659809731E+17
     143   0.100328659809731E+17   0.100917537427948E+17
     144   0.100917537427948E+17   0.101517486414889E+17
     145   0.101517486414889E+17   0.102214934808494E+17
     146   0.102214934808494E+17   0.102859133933322E+17
     147   0.102859133933322E+17   0.103606033947034E+17
     148   0.103606033947034E+17   0.104320710129746E+17
     149   0.104320710129746E+17   0.104973707729961E+17
     150   0.104973707729961E+17   0.105675984040100E+17
     151   0.105675984040100E+17   0.106394685538304E+17
     152   0.106394685538304E+17   0.107104603744502E+17
     153   0.107104603744502E+17   0.107831848410808E+17
     154   0.107831848410808E+17   0.108546942178427E+17
     155   0.108546942178427E+17   0.109297207232430E+17
     156   0.109297207232430E+17   0.110126082367160E+17
     157   0.110126082367160E+17   0.110917045893202E+17
     158   0.110917045893202E+17   0.111687595070587E+17
     159   0.111687595070587E+17   0.112491812765041E+17
     160   0.112491812765041E+17   0.113226616238244E+17
     161   0.113226616238244E+17   0.113857353555640E+17
     162   0.113857353555640E+17   0.114579545260032E+17
     163   0.114579545260032E+17   0.115325300333609E+17
     164   0.115325300333609E+17   0.116097788873277E+17
     165   0.116097788873277E+17   0.116783013911593E+17
     166   0.116783013911593E+17   0.117548427079844E+17
     167   0.117548427079844E+17   0.118350084214620E+17
     168   0.118350084214620E+17   0.118979764630323E+17
     169   0.118979764630323E+17   0.119670320859709E+17
     170   0.119670320859709E+17   0.120409460823818E+17
     171   0.120409460823818E+17   0.121104859461059E+17
     172   0.121104859461059E+17   0.121831659552113E+17
     173   0.121831659552113E+17   0.122435449577800E+17
     174   0.122435449577800E+17   0.123111009513636E+17
     175   0.123111009513636E+17   0.123939291607859E+17
     176   0.123939291607859E+17   0.124733748548731E+17
     177   0.124733748548731E+17   0.125441606449889E+17
     178   0.125441606449889E+17   0.126111694412841E+17
     179   0.126111694412841E+17   0.126701803667456E+17
     180   0.126701803667456E+17   0.127319844470129E+17
     181   0.127319844470129E+17   0.127947065996083E+17
     182   0.127947065996083E+17   0.128600012950077E+17
     183   0.128600012950077E+17   0.129330914923643E+17
     184   0.129330914923643E+17   0.130051031244472E+17
     185   0.130051031244472E+17   0.130710373148918E+17
     186   0.130710373148918E+17   0.131424532090061E+17
     187   0.131424532090061E+17   0.131998073634161E+17
     188   0.131998073634161E+17   0.132657468554609E+17
     189   0.132657468554609E+17   0.133448800843858E+17
     190   0.133448800843858E+17   0.134180209615176E+17
     191   0.134180209615176E+17   0.134908231737672E+17
     192   0.134908231737672E+17   0.135523841479803E+17
     193   0.135523841479803E+17   0.136257290025042E+17
     194   0.136257290025042E+17   0.137053369930875E+17
     195   0.137053369930875E+17   0.137828687193047E+17
     196   0.137828687193047E+17   0.138487165574185E+17
     197   0.138487165574185E+17   0.139169903474115E+17
     198   0.139169903474115E+17   0.139902335823380E+17
     199   0.139902335823380E+17   0.140486954880860E+17
     200   0.140486954880860E+17   0.141112791321805E+17
     201   0.141112791321805E+17   0.141817008650977E+17
     202   0.141817008650977E+17   0.142515727100805E+17
     203   0.142515727100805E+17   0.143082387616563E+17
     204   0.143082387616563E+17   0.143743246223278E+17
     205   0.143743246223278E+17   0.144396273351393E+17
     206   0.144396273351393E+17   0.145155279133082E+17
     207   0.145155279133082E+17   0.145871682026865E+17
     208   0.145871682026865E+17   0.146560930661007E+17
     209   0.146560930661007E+17   0.147343079836221E+17
     210   0.147343079836221E+17   0.148066963984220E+17
     211   0.148066963984220E+17   0.148832896386335E+17
     212   0.148832896386335E+17   0.149638936254218E+17
     213   0.149638936254218E+17   0.150305147757527E+17
     214   0.150305147757527E+17   0.150950812539945E+17
     215   0.150950812539945E+17   0.151652034611773E+17
     216   0.151652034611773E+17   0.152418863064023E+17
     217   0.152418863064023E+17   0.153145498717389E+17
     218   0.153145498717389E+17   0.153952912807035E+17
     219   0.153952912807035E+17   0.154700427537940E+17
     220   0.154700427537940E+17   0.155440816985211E+17
     221   0.155440816985211E+17   0.156197855638323E+17
     222   0.156197855638323E+17   0.156921900050678E+17
     223   0.156921900050678E+17   0.157630785577288E+17
     224   0.157630785577288E+17   0.158232799399117E+17
     225   0.158232799399117E+17   0.159004426093199E+17
     226   0.159004426093199E+17   0.159655034533970E+17
     227   0.159655034533970E+17   0.160258072940380E+17
     228   0.160258072940380E+17   0.160806968921948E+17
     229   0.160806968921948E+17   0.161561206786621E+17
     230   0.161561206786621E+17   0.162297647380562E+17
     231   0.162297647380562E+17   0.163017061952389E+17
     232   0.163017061952389E+17   0.163637088799949E+17
     233   0.163637088799949E+17   0.164264489737257E+17
     234   0.164264489737257E+17   0.164906083360440E+17
     235   0.164906083360440E+17   0.165624035000975E+17
     236   0.165624035000975E+17   0.166322667152998E+17
     237   0.166322667152998E+17   0.167023607071375E+17
     238   0.167023607071375E+17   0.167599642739999E+17
     239   0.167599642739999E+17   0.168279306550641E+17
     240   0.168279306550641E+17   0.168984536657428E+17
     241   0.168984536657428E+17   0.169686378752246E+17
     242   0.169686378752246E+17   0.170448178968003E+17
     243   0.170448178968003E+17   0.171203917890191E+17
     244   0.171203917890191E+17   0.171833566722785E+17
     245   0.171833566722785E+17   0.172489291040031E+17
     246   0.172489291040031E+17   0.173276718096712E+17
     247   0.173276718096712E+17   0.173984995952558E+17
     248   0.173984995952558E+17   0.174640278777364E+17
     249   0.174640278777364E+17   0.175322151958610E+17
     250   0.175322151958610E+17   0.175960146889933E+17
     251   0.175960146889933E+17   0.176696735962235E+17
     252   0.176696735962235E+17   0.177350009212109E+17
     253   0.177350009212109E+17   0.178022185351250E+17
     254   0.178022185351250E+17   0.178620173312328E+17
     255   0.178620173312328E+17   0.179352906980393E+17
     256   0.179352906980393E+17   0.180143985094820E+17
