ncpu        =         32
ndim        =          3
levelmin    =          8
levelmax    =         18
ngridmax    =    7500000
nstep_coarse=        486
 
boxlen      =  0.100000000000000E+01
time        = -0.542970201879785E+00
aexp        =  0.667090771216587E+00
H0          =  0.676600036621094E+02
omega_m     =  0.311100006103516E+00
omega_l     =  0.688899993896484E+00
omega_k     =  0.000000000000000E+00
omega_b     =  0.000000000000000E+00
unit_l      =  0.388699176569171E+27
unit_d      =  0.901918105651071E-29
unit_t      =  0.202576267322608E+18
 
ordering type=hilbert                                                                         
   DOMAIN   ind_min                 ind_max
       1   0.000000000000000E+00   0.121391214671340E+17
       2   0.121391214671340E+17   0.121393245788605E+17
       3   0.121393245788605E+17   0.121423451054408E+17
       4   0.121423451054408E+17   0.121542384515482E+17
       5   0.121542384515482E+17   0.121554438152561E+17
       6   0.121554438152561E+17   0.121615019443487E+17
       7   0.121615019443487E+17   0.328647445935555E+17
       8   0.328647445935555E+17   0.328697659265295E+17
       9   0.328697659265295E+17   0.328815223415767E+17
      10   0.328815223415767E+17   0.328833226188061E+17
      11   0.328833226188061E+17   0.328845258988585E+17
      12   0.328845258988585E+17   0.328878562787983E+17
      13   0.328878562787983E+17   0.328965010500280E+17
      14   0.328965010500280E+17   0.328979091155845E+17
      15   0.328979091155845E+17   0.391790756269261E+17
      16   0.391790756269261E+17   0.659852404258243E+17
      17   0.659852404258243E+17   0.791022579132989E+17
      18   0.791022579132989E+17   0.792061835862508E+17
      19   0.792061835862508E+17   0.792087798083922E+17
      20   0.792087798083922E+17   0.104937402336659E+18
      21   0.104937402336659E+18   0.111213613350650E+18
      22   0.111213613350650E+18   0.111232330191864E+18
      23   0.111232330191864E+18   0.111234290368647E+18
      24   0.111234290368647E+18   0.111238310742983E+18
      25   0.111238310742983E+18   0.131959182673773E+18
      26   0.131959182673773E+18   0.131959779002417E+18
      27   0.131959779002417E+18   0.131959806177738E+18
      28   0.131959806177738E+18   0.131959821799067E+18
      29   0.131959821799067E+18   0.131960274815386E+18
      30   0.131960274815386E+18   0.131961930767250E+18
      31   0.131961930767250E+18   0.131973521290789E+18
      32   0.131973521290789E+18   0.144115188075856E+18
