ncpu        =         32
ndim        =          3
levelmin    =          8
levelmax    =         18
ngridmax    =    5000000
nstep_coarse=          1
 
boxlen      =  0.100000000000000E+01
time        = -0.301470929144571E+02
aexp        =  0.109706545369113E-01
H0          =  0.676600036621094E+02
omega_m     =  0.311100006103516E+00
omega_l     =  0.688899993896484E+00
omega_k     =  0.000000000000000E+00
omega_b     =  0.000000000000000E+00
unit_l      =  0.639236003392075E+25
unit_d      =  0.202779610467347E-23
unit_t      =  0.547877894942851E+14
 
ordering type=hilbert                                                                         
   DOMAIN   ind_min                 ind_max
       1   0.000000000000000E+00   0.121130790850396E+17
       2   0.121130790850396E+17   0.121535071424348E+17
       3   0.121535071424348E+17   0.121722229657436E+17
       4   0.121722229657436E+17   0.196964365516145E+17
       5   0.196964365516145E+17   0.318095156366541E+17
       6   0.318095156366541E+17   0.328831434930258E+17
       7   0.328831434930258E+17   0.329230546276188E+17
       8   0.329230546276188E+17   0.391586231709860E+17
       9   0.391586231709860E+17   0.391715291450573E+17
      10   0.391715291450573E+17   0.391873877413724E+17
      11   0.391873877413724E+17   0.447405111136748E+17
      12   0.447405111136748E+17   0.568535816087798E+17
      13   0.568535816087798E+17   0.648761548461834E+17
      14   0.648761548461834E+17   0.648952825333678E+17
      15   0.648952825333678E+17   0.649116238437417E+17
      16   0.649116238437417E+17   0.719880671073403E+17
      17   0.719880671073403E+17   0.792051445116436E+17
      18   0.792051445116436E+17   0.792292985017467E+17
      19   0.792292985017467E+17   0.857295315030508E+17
      20   0.857295315030508E+17   0.978426277679596E+17
      21   0.978426277679596E+17   0.104925131180081E+18
      22   0.104925131180081E+18   0.104940940736594E+18
      23   0.104940940736594E+18   0.104953528950194E+18
      24   0.104953528950194E+18   0.110303393045545E+18
      25   0.110303393045545E+18   0.111227365618614E+18
      26   0.111227365618614E+18   0.111239842951594E+18
      27   0.111239842951594E+18   0.114011839607603E+18
      28   0.114011839607603E+18   0.126124918692643E+18
      29   0.126124918692643E+18   0.131942881073037E+18
      30   0.131942881073037E+18   0.131960487687487E+18
      31   0.131960487687487E+18   0.132002117580751E+18
      32   0.132002117580751E+18   0.144115188075856E+18
