ncpu        =         32
ndim        =          3
levelmin    =          8
levelmax    =         18
ngridmax    =    7500000
nstep_coarse=        500
 
boxlen      =  0.100000000000000E+01
time        = -0.493043393855714E+00
aexp        =  0.687245409988176E+00
H0          =  0.676600036621094E+02
omega_m     =  0.311100006103516E+00
omega_l     =  0.688899993896484E+00
omega_k     =  0.000000000000000E+00
omega_b     =  0.000000000000000E+00
unit_l      =  0.400442842997472E+27
unit_d      =  0.824871614675429E-29
unit_t      =  0.215001948299936E+18
 
ordering type=hilbert                                                                         
   DOMAIN   ind_min                 ind_max
       1   0.000000000000000E+00   0.121391215156920E+17
       2   0.121391215156920E+17   0.121394081767424E+17
       3   0.121394081767424E+17   0.121483181472154E+17
       4   0.121483181472154E+17   0.121547291715174E+17
       5   0.121547291715174E+17   0.121554399900795E+17
       6   0.121554399900795E+17   0.121610399042765E+17
       7   0.121610399042765E+17   0.328644150235218E+17
       8   0.328644150235218E+17   0.328686470145638E+17
       9   0.328686470145638E+17   0.328805857259930E+17
      10   0.328805857259930E+17   0.328830976504300E+17
      11   0.328830976504300E+17   0.328845087240028E+17
      12   0.328845087240028E+17   0.328878718525972E+17
      13   0.328878718525972E+17   0.328962767502049E+17
      14   0.328962767502049E+17   0.328975814788710E+17
      15   0.328975814788710E+17   0.391771370836460E+17
      16   0.391771370836460E+17   0.790991447310008E+17
      17   0.790991447310008E+17   0.791022675585487E+17
      18   0.791022675585487E+17   0.792065043592786E+17
      19   0.792065043592786E+17   0.792130924938527E+17
      20   0.792130924938527E+17   0.104941002353803E+18
      21   0.104941002353803E+18   0.111231255672029E+18
      22   0.111231255672029E+18   0.111232822919823E+18
      23   0.111232822919823E+18   0.111235475704611E+18
      24   0.111235475704611E+18   0.131955199401755E+18
      25   0.131955199401755E+18   0.131959748674896E+18
      26   0.131959748674896E+18   0.131959804311863E+18
      27   0.131959804311863E+18   0.131959809142686E+18
      28   0.131959809142686E+18   0.131959861759181E+18
      29   0.131959861759181E+18   0.131960437189345E+18
      30   0.131960437189345E+18   0.131962539945760E+18
      31   0.131962539945760E+18   0.131975103110689E+18
      32   0.131975103110689E+18   0.144115188075856E+18
