ncpu        =         24
ndim        =          3
levelmin    =          8
levelmax    =         18
ngridmax    =   10000000
nstep_coarse=          1
 
boxlen      =  0.100000000000000E+01
time        = -0.301470929144571E+02
aexp        =  0.109706545369113E-01
H0          =  0.676600036621094E+02
omega_m     =  0.311100006103516E+00
omega_l     =  0.688899993896484E+00
omega_k     =  0.000000000000000E+00
omega_b     =  0.000000000000000E+00
unit_l      =  0.639236003392075E+25
unit_d      =  0.202779610467347E-23
unit_t      =  0.547877894942851E+14
 
ordering type=hilbert                                                                         
   DOMAIN   ind_min                 ind_max
       1   0.000000000000000E+00   0.121431539559956E+17
       2   0.121431539559956E+17   0.121615918814986E+17
       3   0.121615918814986E+17   0.196965396308296E+17
       4   0.196965396308296E+17   0.328726145316946E+17
       5   0.328726145316946E+17   0.328951436652052E+17
       6   0.328951436652052E+17   0.391586233052037E+17
       7   0.391586233052037E+17   0.391757585302159E+17
       8   0.391757585302159E+17   0.407028553083781E+17
       9   0.407028553083781E+17   0.568536245584527E+17
      10   0.568536245584527E+17   0.648834334064640E+17
      11   0.648834334064640E+17   0.649075463091651E+17
      12   0.649075463091651E+17   0.719881615966208E+17
      13   0.719881615966208E+17   0.792091807407145E+17
      14   0.792091807407145E+17   0.816918842876887E+17
      15   0.816918842876887E+17   0.978426964874363E+17
      16   0.978426964874363E+17   0.104932723390415E+18
      17   0.104932723390415E+18   0.104949536308330E+18
      18   0.104949536308330E+18   0.110303470354956E+18
      19   0.110303470354956E+18   0.111231881038529E+18
      20   0.111231881038529E+18   0.111265945934103E+18
      21   0.111265945934103E+18   0.126124978822185E+18
      22   0.126124978822185E+18   0.131952176321790E+18
      23   0.131952176321790E+18   0.131968758871753E+18
      24   0.131968758871753E+18   0.144115188075856E+18
