ncpu        =         32
ndim        =          3
levelmin    =          8
levelmax    =         18
ngridmax    =    7500000
nstep_coarse=        673
 
boxlen      =  0.100000000000000E+01
time        = -0.244581150408812E+01
aexp        =  0.304949550300008E+00
H0          =  0.676600036621094E+02
omega_m     =  0.311100006103516E+00
omega_l     =  0.688899993896484E+00
omega_k     =  0.000000000000000E+00
omega_b     =  0.000000000000000E+00
unit_l      =  0.177687421579195E+27
unit_d      =  0.944143290184305E-28
unit_t      =  0.423325757375308E+17
 
ordering type=hilbert                                                                         
   DOMAIN   ind_min                 ind_max
       1   0.000000000000000E+00   0.121479358232658E+17
       2   0.121479358232658E+17   0.121549065735373E+17
       3   0.121549065735373E+17   0.121578002754437E+17
       4   0.121578002754437E+17   0.153675647837798E+17
       5   0.153675647837798E+17   0.328674078629560E+17
       6   0.328674078629560E+17   0.328813332676608E+17
       7   0.328813332676608E+17   0.328837991447921E+17
       8   0.328837991447921E+17   0.328962302828298E+17
       9   0.328962302828298E+17   0.391626501970002E+17
      10   0.391626501970002E+17   0.391730190111867E+17
      11   0.391730190111867E+17   0.391753525640561E+17
      12   0.391753525640561E+17   0.391797461556920E+17
      13   0.391797461556920E+17   0.648916729916293E+17
      14   0.648916729916293E+17   0.649042700753961E+17
      15   0.649042700753961E+17   0.649060298392207E+17
      16   0.649060298392207E+17   0.649092185299354E+17
      17   0.649092185299354E+17   0.650140157122314E+17
      18   0.650140157122314E+17   0.792058083873833E+17
      19   0.792058083873833E+17   0.792120102499860E+17
      20   0.792120102499860E+17   0.100431144427717E+18
      21   0.100431144427717E+18   0.104939182199505E+18
      22   0.104939182199505E+18   0.104945620533805E+18
      23   0.104945620533805E+18   0.111218099484127E+18
      24   0.111218099484127E+18   0.111230737505583E+18
      25   0.111230737505583E+18   0.111232268594971E+18
      26   0.111232268594971E+18   0.111234297342362E+18
      27   0.111234297342362E+18   0.111240514942009E+18
      28   0.111240514942009E+18   0.131953390943994E+18
      29   0.131953390943994E+18   0.131959367997456E+18
      30   0.131959367997456E+18   0.131960693270413E+18
      31   0.131960693270413E+18   0.131966950589858E+18
      32   0.131966950589858E+18   0.144115188075856E+18
