ncpu        =         24
ndim        =          3
levelmin    =          8
levelmax    =         18
ngridmax    =   10000000
nstep_coarse=        196
 
boxlen      =  0.100000000000000E+01
time        = -0.394259810854639E+01
aexp        =  0.200104552851903E+00
H0          =  0.676600036621094E+02
omega_m     =  0.311100006103516E+00
omega_l     =  0.688899993896484E+00
omega_k     =  0.000000000000000E+00
omega_b     =  0.000000000000000E+00
unit_l      =  0.116596538698065E+27
unit_d      =  0.334157330563989E-27
unit_t      =  0.182277322061410E+17
 
ordering type=hilbert                                                                         
   DOMAIN   ind_min                 ind_max
       1   0.000000000000000E+00   0.121531397604639E+17
       2   0.121531397604639E+17   0.121575086749123E+17
       3   0.121575086749123E+17   0.328630755973857E+17
       4   0.328630755973857E+17   0.328782043559690E+17
       5   0.328782043559690E+17   0.328839503094415E+17
       6   0.328839503094415E+17   0.329007632576676E+17
       7   0.329007632576676E+17   0.391694180430643E+17
       8   0.391694180430643E+17   0.391754468585636E+17
       9   0.391754468585636E+17   0.391944921525780E+17
      10   0.391944921525780E+17   0.648879608983716E+17
      11   0.648879608983716E+17   0.649040113482793E+17
      12   0.649040113482793E+17   0.649077098660495E+17
      13   0.649077098660495E+17   0.792028084779418E+17
      14   0.792028084779418E+17   0.792154762360914E+17
      15   0.792154762360914E+17   0.104927760997155E+18
      16   0.104927760997155E+18   0.104941228222579E+18
      17   0.104941228222579E+18   0.104954263073456E+18
      18   0.104954263073456E+18   0.111220829547135E+18
      19   0.111220829547135E+18   0.111232739411231E+18
      20   0.111232739411231E+18   0.111237260319916E+18
      21   0.111237260319916E+18   0.131944415365071E+18
      22   0.131944415365071E+18   0.131959325246882E+18
      23   0.131959325246882E+18   0.131963725081215E+18
      24   0.131963725081215E+18   0.144115188075856E+18
