ncpu        =        256
ndim        =          3
levelmin    =         10
levelmax    =         17
ngridmax    =    4687500
nstep_coarse=        125
 
boxlen      =  0.100000000000000E+01
time        = -0.791972268207085E+01
aexp        =  0.892107517781954E-01
H0          =  0.676600036621094E+02
omega_m     =  0.311100006103516E+00
omega_l     =  0.688899993896484E+00
omega_k     =  0.000000000000000E+00
omega_b     =  0.469999983906746E-01
unit_l      =  0.519811504723138E+26
unit_d      =  0.377111959232630E-26
unit_t      =  0.362287289837174E+16
 
ordering type=hilbert                                                                         
   DOMAIN   ind_min                 ind_max
       1   0.000000000000000E+00   0.749692245770240E+14
       2   0.749692245770240E+14   0.149214797496320E+15
       3   0.149214797496320E+15   0.220700635824128E+15
       4   0.220700635824128E+15   0.293600508248064E+15
       5   0.293600508248064E+15   0.361268019986432E+15
       6   0.361268019986432E+15   0.430738830786560E+15
       7   0.430738830786560E+15   0.499876362190848E+15
       8   0.499876362190848E+15   0.558935312433152E+15
       9   0.558935312433152E+15   0.618891132796928E+15
      10   0.618891132796928E+15   0.682437805867008E+15
      11   0.682437805867008E+15   0.751779918643200E+15
      12   0.751779918643200E+15   0.819914742956032E+15
      13   0.819914742956032E+15   0.889139985645568E+15
      14   0.889139985645568E+15   0.960776902803456E+15
      15   0.960776902803456E+15   0.103231773684531E+16
      16   0.103231773684531E+16   0.110143303843840E+16
      17   0.110143303843840E+16   0.116993769131213E+16
      18   0.116993769131213E+16   0.123516890801766E+16
      19   0.123516890801766E+16   0.130691564883149E+16
      20   0.130691564883149E+16   0.138055839960269E+16
      21   0.138055839960269E+16   0.145387969891533E+16
      22   0.145387969891533E+16   0.152500487743078E+16
      23   0.152500487743078E+16   0.159854944793395E+16
      24   0.159854944793395E+16   0.165864521754214E+16
      25   0.165864521754214E+16   0.173323537770086E+16
      26   0.173323537770086E+16   0.179274626000486E+16
      27   0.179274626000486E+16   0.186121691385037E+16
      28   0.186121691385037E+16   0.193260495778611E+16
      29   0.193260495778611E+16   0.200359204303667E+16
      30   0.200359204303667E+16   0.207207736016896E+16
      31   0.207207736016896E+16   0.214851539645235E+16
      32   0.214851539645235E+16   0.221835476493926E+16
      33   0.221835476493926E+16   0.229045752247091E+16
      34   0.229045752247091E+16   0.236133572358963E+16
      35   0.236133572358963E+16   0.243308108867174E+16
      36   0.243308108867174E+16   0.250797922818458E+16
      37   0.250797922818458E+16   0.258258814527078E+16
      38   0.258258814527078E+16   0.265689126404096E+16
      39   0.265689126404096E+16   0.272968340996096E+16
      40   0.272968340996096E+16   0.280468024983552E+16
      41   0.280468024983552E+16   0.287859700609843E+16
      42   0.287859700609843E+16   0.294771271034470E+16
      43   0.294771271034470E+16   0.301903290721894E+16
      44   0.301903290721894E+16   0.308969287870054E+16
      45   0.308969287870054E+16   0.316014482948096E+16
      46   0.316014482948096E+16   0.323639554814771E+16
      47   0.323639554814771E+16   0.331220297921331E+16
      48   0.331220297921331E+16   0.338726308596941E+16
      49   0.338726308596941E+16   0.345433295971942E+16
      50   0.345433295971942E+16   0.352661429944320E+16
      51   0.352661429944320E+16   0.359601272363418E+16
      52   0.359601272363418E+16   0.366224341781709E+16
      53   0.366224341781709E+16   0.373035354606797E+16
      54   0.373035354606797E+16   0.379503583743181E+16
      55   0.379503583743181E+16   0.386704948697498E+16
      56   0.386704948697498E+16   0.393782485424538E+16
      57   0.393782485424538E+16   0.400810384660890E+16
      58   0.400810384660890E+16   0.407878645894349E+16
      59   0.407878645894349E+16   0.415149973517107E+16
      60   0.415149973517107E+16   0.421762761857434E+16
      61   0.421762761857434E+16   0.428191935312691E+16
      62   0.428191935312691E+16   0.434987580207923E+16
      63   0.434987580207923E+16   0.441777056540262E+16
      64   0.441777056540262E+16   0.448907934957568E+16
      65   0.448907934957568E+16   0.455849794967962E+16
      66   0.455849794967962E+16   0.462397541397299E+16
      67   0.462397541397299E+16   0.469138262720512E+16
      68   0.469138262720512E+16   0.476231075731866E+16
      69   0.476231075731866E+16   0.482639114928128E+16
      70   0.482639114928128E+16   0.488809550158234E+16
      71   0.488809550158234E+16   0.495532739290726E+16
      72   0.495532739290726E+16   0.502113481470771E+16
      73   0.502113481470771E+16   0.508592978185421E+16
      74   0.508592978185421E+16   0.515776237168230E+16
      75   0.515776237168230E+16   0.522579352957747E+16
      76   0.522579352957747E+16   0.529748396605440E+16
      77   0.529748396605440E+16   0.537422003280282E+16
      78   0.537422003280282E+16   0.544543147976294E+16
      79   0.544543147976294E+16   0.551780082306253E+16
      80   0.551780082306253E+16   0.559383897440256E+16
      81   0.559383897440256E+16   0.566825184971981E+16
      82   0.566825184971981E+16   0.574287635283968E+16
      83   0.574287635283968E+16   0.581823197347840E+16
      84   0.581823197347840E+16   0.588956369630003E+16
      85   0.588956369630003E+16   0.596336358247629E+16
      86   0.596336358247629E+16   0.603231570886656E+16
      87   0.603231570886656E+16   0.610161233861018E+16
      88   0.610161233861018E+16   0.617294266892288E+16
      89   0.617294266892288E+16   0.624334810487194E+16
      90   0.624334810487194E+16   0.631385148620800E+16
      91   0.631385148620800E+16   0.638578158521549E+16
      92   0.638578158521549E+16   0.645289774730445E+16
      93   0.645289774730445E+16   0.652215261855744E+16
      94   0.652215261855744E+16   0.659292074226483E+16
      95   0.659292074226483E+16   0.665943946978918E+16
      96   0.665943946978918E+16   0.672766544471654E+16
      97   0.672766544471654E+16   0.679982883091251E+16
      98   0.679982883091251E+16   0.687109591112090E+16
      99   0.687109591112090E+16   0.693793917501440E+16
     100   0.693793917501440E+16   0.700469779785318E+16
     101   0.700469779785318E+16   0.707951772198502E+16
     102   0.707951772198502E+16   0.715434370269184E+16
     103   0.715434370269184E+16   0.722838167434035E+16
     104   0.722838167434035E+16   0.729641110418227E+16
     105   0.729641110418227E+16   0.736855975998259E+16
     106   0.736855975998259E+16   0.743844911199027E+16
     107   0.743844911199027E+16   0.751288725379482E+16
     108   0.751288725379482E+16   0.758828889433702E+16
     109   0.758828889433702E+16   0.766287555644621E+16
     110   0.766287555644621E+16   0.773319144400486E+16
     111   0.773319144400486E+16   0.780112759252582E+16
     112   0.780112759252582E+16   0.787047968774554E+16
     113   0.787047968774554E+16   0.793999314622874E+16
     114   0.793999314622874E+16   0.801515435248845E+16
     115   0.801515435248845E+16   0.809176101656986E+16
     116   0.809176101656986E+16   0.816817950739661E+16
     117   0.816817950739661E+16   0.824336455408026E+16
     118   0.824336455408026E+16   0.831810445089178E+16
     119   0.831810445089178E+16   0.839078969239142E+16
     120   0.839078969239142E+16   0.846398212590797E+16
     121   0.846398212590797E+16   0.852980538540032E+16
     122   0.852980538540032E+16   0.859779929787597E+16
     123   0.859779929787597E+16   0.866942358179021E+16
     124   0.866942358179021E+16   0.873780385677312E+16
     125   0.873780385677312E+16   0.880480133893325E+16
     126   0.880480133893325E+16   0.887493327060992E+16
     127   0.887493327060992E+16   0.894894173113549E+16
     128   0.894894173113549E+16   0.902013458894029E+16
     129   0.902013458894029E+16   0.908495812768563E+16
     130   0.908495812768563E+16   0.915364896571392E+16
     131   0.915364896571392E+16   0.922560976702669E+16
     132   0.922560976702669E+16   0.929733184533299E+16
     133   0.929733184533299E+16   0.936773127503872E+16
     134   0.936773127503872E+16   0.944072073779610E+16
     135   0.944072073779610E+16   0.951632350360371E+16
     136   0.951632350360371E+16   0.958979760979968E+16
     137   0.958979760979968E+16   0.966327426613248E+16
     138   0.966327426613248E+16   0.973578697074278E+16
     139   0.973578697074278E+16   0.980925705040691E+16
     140   0.980925705040691E+16   0.988378657770701E+16
     141   0.988378657770701E+16   0.995394106005914E+16
     142   0.995394106005914E+16   0.100261564891791E+17
     143   0.100261564891791E+17   0.100899413001503E+17
     144   0.100899413001503E+17   0.101543220881654E+17
     145   0.101543220881654E+17   0.102250857449390E+17
     146   0.102250857449390E+17   0.102919647673713E+17
     147   0.102919647673713E+17   0.103649216487752E+17
     148   0.103649216487752E+17   0.104358061245727E+17
     149   0.104358061245727E+17   0.105038261780480E+17
     150   0.105038261780480E+17   0.105737695673713E+17
     151   0.105737695673713E+17   0.106460708790600E+17
     152   0.106460708790600E+17   0.107167164640788E+17
     153   0.107167164640788E+17   0.107880500659487E+17
     154   0.107880500659487E+17   0.108596033151304E+17
     155   0.108596033151304E+17   0.109316557200425E+17
     156   0.109316557200425E+17   0.110085804801393E+17
     157   0.110085804801393E+17   0.110837822201528E+17
     158   0.110837822201528E+17   0.111567786622321E+17
     159   0.111567786622321E+17   0.112314298579026E+17
     160   0.112314298579026E+17   0.113050652602532E+17
     161   0.113050652602532E+17   0.113711360004588E+17
     162   0.113711360004588E+17   0.114426918836634E+17
     163   0.114426918836634E+17   0.115155149499924E+17
     164   0.115155149499924E+17   0.115892579614065E+17
     165   0.115892579614065E+17   0.116585889341112E+17
     166   0.116585889341112E+17   0.117320080781476E+17
     167   0.117320080781476E+17   0.118067789960315E+17
     168   0.118067789960315E+17   0.118732755084247E+17
     169   0.118732755084247E+17   0.119451807268209E+17
     170   0.119451807268209E+17   0.120136232117207E+17
     171   0.120136232117207E+17   0.120862201715098E+17
     172   0.120862201715098E+17   0.121580870707446E+17
     173   0.121580870707446E+17   0.122226534630031E+17
     174   0.122226534630031E+17   0.122905496670700E+17
     175   0.122905496670700E+17   0.123658916981637E+17
     176   0.123658916981637E+17   0.124414504237793E+17
     177   0.124414504237793E+17   0.125147023996355E+17
     178   0.125147023996355E+17   0.125831035635630E+17
     179   0.125831035635630E+17   0.126517348288430E+17
     180   0.126517348288430E+17   0.127132455508378E+17
     181   0.127132455508378E+17   0.127793898088038E+17
     182   0.127793898088038E+17   0.128467478983475E+17
     183   0.128467478983475E+17   0.129192463591014E+17
     184   0.129192463591014E+17   0.129901961989325E+17
     185   0.129901961989325E+17   0.130575711831327E+17
     186   0.130575711831327E+17   0.131295354405519E+17
     187   0.131295354405519E+17   0.131935339932549E+17
     188   0.131935339932549E+17   0.132591411286508E+17
     189   0.132591411286508E+17   0.133342319880438E+17
     190   0.133342319880438E+17   0.134057099075256E+17
     191   0.134057099075256E+17   0.134768781699318E+17
     192   0.134768781699318E+17   0.135433402932265E+17
     193   0.135433402932265E+17   0.136139339150131E+17
     194   0.136139339150131E+17   0.136885492074414E+17
     195   0.136885492074414E+17   0.137624419555082E+17
     196   0.137624419555082E+17   0.138329542665175E+17
     197   0.138329542665175E+17   0.139023963840840E+17
     198   0.139023963840840E+17   0.139719113021850E+17
     199   0.139719113021850E+17   0.140400286614159E+17
     200   0.140400286614159E+17   0.141030137360548E+17
     201   0.141030137360548E+17   0.141731526491505E+17
     202   0.141731526491505E+17   0.142423301942149E+17
     203   0.142423301942149E+17   0.143055517772677E+17
     204   0.143055517772677E+17   0.143727303506002E+17
     205   0.143727303506002E+17   0.144398440464384E+17
     206   0.144398440464384E+17   0.145128293526405E+17
     207   0.145128293526405E+17   0.145839848266138E+17
     208   0.145839848266138E+17   0.146542119543112E+17
     209   0.146542119543112E+17   0.147291583450972E+17
     210   0.147291583450972E+17   0.148004630398239E+17
     211   0.148004630398239E+17   0.148733142247670E+17
     212   0.148733142247670E+17   0.149484037252055E+17
     213   0.149484037252055E+17   0.150189041537516E+17
     214   0.150189041537516E+17   0.150858243579576E+17
     215   0.150858243579576E+17   0.151560667529216E+17
     216   0.151560667529216E+17   0.152303170737930E+17
     217   0.152303170737930E+17   0.153013271773839E+17
     218   0.153013271773839E+17   0.153761466653082E+17
     219   0.153761466653082E+17   0.154499690665083E+17
     220   0.154499690665083E+17   0.155226694913884E+17
     221   0.155226694913884E+17   0.155966566280724E+17
     222   0.155966566280724E+17   0.156683970103214E+17
     223   0.156683970103214E+17   0.157382189179208E+17
     224   0.157382189179208E+17   0.158026422529556E+17
     225   0.158026422529556E+17   0.158753644546621E+17
     226   0.158753644546621E+17   0.159467238263357E+17
     227   0.159467238263357E+17   0.160103885292175E+17
     228   0.160103885292175E+17   0.160723917340672E+17
     229   0.160723917340672E+17   0.161429900241142E+17
     230   0.161429900241142E+17   0.162179320024924E+17
     231   0.162179320024924E+17   0.162864629033206E+17
     232   0.162864629033206E+17   0.163519727476408E+17
     233   0.163519727476408E+17   0.164170296406835E+17
     234   0.164170296406835E+17   0.164834712915804E+17
     235   0.164834712915804E+17   0.165545489402429E+17
     236   0.165545489402429E+17   0.166256921878200E+17
     237   0.166256921878200E+17   0.166942026036675E+17
     238   0.166942026036675E+17   0.167577500002550E+17
     239   0.167577500002550E+17   0.168267696717169E+17
     240   0.168267696717169E+17   0.168969870518518E+17
     241   0.168969870518518E+17   0.169679549775217E+17
     242   0.169679549775217E+17   0.170399105275658E+17
     243   0.170399105275658E+17   0.171136436236452E+17
     244   0.171136436236452E+17   0.171802638512292E+17
     245   0.171802638512292E+17   0.172473721783583E+17
     246   0.172473721783583E+17   0.173224065656422E+17
     247   0.173224065656422E+17   0.173922630175293E+17
     248   0.173922630175293E+17   0.174599484976660E+17
     249   0.174599484976660E+17   0.175288522721198E+17
     250   0.175288522721198E+17   0.175947501566689E+17
     251   0.175947501566689E+17   0.176671993091850E+17
     252   0.176671993091850E+17   0.177330792924447E+17
     253   0.177330792924447E+17   0.178026064579133E+17
     254   0.178026064579133E+17   0.178659963164426E+17
     255   0.178659963164426E+17   0.179393826274673E+17
     256   0.179393826274673E+17   0.180143985094820E+17
