ncpu        =         32
ndim        =          3
levelmin    =          8
levelmax    =         18
ngridmax    =    7500000
nstep_coarse=          0
 
boxlen      =  0.100000000000000E+01
time        = -0.319489080066041E+02
aexp        =  0.990098994225264E-02
H0          =  0.676600036621094E+02
omega_m     =  0.311100006103516E+00
omega_l     =  0.688899993896484E+00
omega_k     =  0.000000000000000E+00
omega_b     =  0.000000000000000E+00
unit_l      =  0.576908991073980E+25
unit_d      =  0.275858293191451E-23
unit_t      =  0.446247646045838E+14
 
ordering type=hilbert                                                                         
   DOMAIN   ind_min                 ind_max
       1   0.000000000000000E+00   0.121345104349757E+17
       2   0.121345104349757E+17   0.121535845189550E+17
       3   0.121535845189550E+17   0.121721817105695E+17
       4   0.121721817105695E+17   0.196485218964603E+17
       5   0.196485218964603E+17   0.318836983117906E+17
       6   0.318836983117906E+17   0.328837257966387E+17
       7   0.328837257966387E+17   0.337290052407132E+17
       8   0.337290052407132E+17   0.391590163450429E+17
       9   0.391590163450429E+17   0.391720965840568E+17
      10   0.391720965840568E+17   0.391872582212649E+17
      11   0.391872582212649E+17   0.446876658360648E+17
      12   0.446876658360648E+17   0.569228422513951E+17
      13   0.569228422513951E+17   0.648762220053791E+17
      14   0.648762220053791E+17   0.648955581662495E+17
      15   0.648955581662495E+17   0.649120218496369E+17
      16   0.649120218496369E+17   0.724536072024883E+17
      17   0.724536072024883E+17   0.792055962381844E+17
      18   0.792055962381844E+17   0.792300333102531E+17
      19   0.792300333102531E+17   0.862998945700250E+17
      20   0.862998945700250E+17   0.985350709853553E+17
      21   0.985350709853553E+17   0.104927633401184E+18
      22   0.104927633401184E+18   0.104941394291851E+18
      23   0.104941394291851E+18   0.104953933465649E+18
      24   0.104953933465649E+18   0.110547252698677E+18
      25   0.110547252698677E+18   0.111227437492208E+18
      26   0.111227437492208E+18   0.111239787922326E+18
      27   0.111239787922326E+18   0.113601455482470E+18
      28   0.113601455482470E+18   0.125836631897801E+18
      29   0.125836631897801E+18   0.131942535865041E+18
      30   0.131942535865041E+18   0.131960218815824E+18
      31   0.131960218815824E+18   0.131977631972196E+18
      32   0.131977631972196E+18   0.144115188075856E+18
