ncpu        =         24
ndim        =          3
levelmin    =          8
levelmax    =         18
ngridmax    =   10000000
nstep_coarse=        656
 
boxlen      =  0.100000000000000E+01
time        = -0.315012747731469E+01
aexp        =  0.247080954091208E+00
H0          =  0.676600036621094E+02
omega_m     =  0.311100006103516E+00
omega_l     =  0.688899993896484E+00
omega_k     =  0.000000000000000E+00
omega_b     =  0.000000000000000E+00
unit_l      =  0.143968658457120E+27
unit_d      =  0.177502344528797E-27
unit_t      =  0.277905562040540E+17
 
ordering type=hilbert                                                                         
   DOMAIN   ind_min                 ind_max
       1   0.000000000000000E+00   0.121529886398218E+17
       2   0.121529886398218E+17   0.121570498109768E+17
       3   0.121570498109768E+17   0.146298010714767E+17
       4   0.146298010714767E+17   0.328744223201362E+17
       5   0.328744223201362E+17   0.328832470781788E+17
       6   0.328832470781788E+17   0.328970145009500E+17
       7   0.328970145009500E+17   0.391692765487104E+17
       8   0.391692765487104E+17   0.391745179657830E+17
       9   0.391745179657830E+17   0.391858883589571E+17
      10   0.391858883589571E+17   0.648896262166938E+17
      11   0.648896262166938E+17   0.649047233462272E+17
      12   0.649047233462272E+17   0.649078707663749E+17
      13   0.649078707663749E+17   0.791012250642022E+17
      14   0.791012250642022E+17   0.792116483021865E+17
      15   0.792116483021865E+17   0.104920739163701E+18
      16   0.104920739163701E+18   0.104940203057349E+18
      17   0.104940203057349E+18   0.104953927569699E+18
      18   0.104953927569699E+18   0.111221719038419E+18
      19   0.111221719038419E+18   0.111232260270981E+18
      20   0.111232260270981E+18   0.111237309314077E+18
      21   0.111237309314077E+18   0.131950517609824E+18
      22   0.131950517609824E+18   0.131959397587681E+18
      23   0.131959397587681E+18   0.131964038325633E+18
      24   0.131964038325633E+18   0.144115188075856E+18
