ncpu        =         32
ndim        =          3
levelmin    =          8
levelmax    =         12
ngridmax    =    1875000
nstep_coarse=        559
 
boxlen      =  0.100000000000000E+01
time        = -0.543623010499947E+00
aexp        =  0.666834824808187E+00
H0          =  0.676600036621094E+02
omega_m     =  0.311100006103516E+00
omega_l     =  0.688899993896484E+00
omega_k     =  0.000000000000000E+00
omega_b     =  0.000000000000000E+00
unit_l      =  0.388550042204728E+27
unit_d      =  0.902957034506831E-29
unit_t      =  0.202420850027834E+18
 
ordering type=hilbert                                                                         
   DOMAIN   ind_min                 ind_max
       1   0.000000000000000E+00   0.164171952640000E+11
       2   0.164171952640000E+11   0.385044275200000E+11
       3   0.385044275200000E+11   0.529904107520000E+11
       4   0.529904107520000E+11   0.656338984960000E+11
       5   0.656338984960000E+11   0.829074284160000E+11
       6   0.829074284160000E+11   0.104334906896000E+12
       7   0.104334906896000E+12   0.114970032128000E+12
       8   0.114970032128000E+12   0.129282531328000E+12
       9   0.129282531328000E+12   0.147531140672000E+12
      10   0.147531140672000E+12   0.163792485888000E+12
      11   0.163792485888000E+12   0.179481767936000E+12
      12   0.179481767936000E+12   0.204556869440000E+12
      13   0.204556869440000E+12   0.226109795200000E+12
      14   0.226109795200000E+12   0.245488529408000E+12
      15   0.245488529408000E+12   0.266342232192000E+12
      16   0.266342232192000E+12   0.279261380608000E+12
      17   0.279261380608000E+12   0.297074049024000E+12
      18   0.297074049024000E+12   0.313430669056000E+12
      19   0.313430669056000E+12   0.327896408064000E+12
      20   0.327896408064000E+12   0.347401247360000E+12
      21   0.347401247360000E+12   0.365493106176000E+12
      22   0.365493106176000E+12   0.387111108544000E+12
      23   0.387111108544000E+12   0.404208927744000E+12
      24   0.404208927744000E+12   0.418249457664000E+12
      25   0.418249457664000E+12   0.434298821928000E+12
      26   0.434298821928000E+12   0.446960774144000E+12
      27   0.446960774144000E+12   0.469064602112000E+12
      28   0.469064602112000E+12   0.488718473728000E+12
      29   0.488718473728000E+12   0.503080597760000E+12
      30   0.503080597760000E+12   0.520578465792000E+12
      31   0.520578465792000E+12   0.534688776544000E+12
      32   0.534688776544000E+12   0.549755813888000E+12
