ncpu        =         32
ndim        =          3
levelmin    =          8
levelmax    =         18
ngridmax    =    7500000
nstep_coarse=        500
 
boxlen      =  0.100000000000000E+01
time        = -0.255640185005085E+01
aexp        =  0.294531145241514E+00
H0          =  0.676600036621094E+02
omega_m     =  0.311100006103516E+00
omega_l     =  0.688899993896484E+00
omega_k     =  0.000000000000000E+00
omega_b     =  0.000000000000000E+00
unit_l      =  0.171616845216678E+27
unit_d      =  0.104792023022138E-27
unit_t      =  0.394894560644020E+17
 
ordering type=hilbert                                                                         
   DOMAIN   ind_min                 ind_max
       1   0.000000000000000E+00   0.121479515351286E+17
       2   0.121479515351286E+17   0.121549389098844E+17
       3   0.121549389098844E+17   0.121577877756969E+17
       4   0.121577877756969E+17   0.123389546363617E+17
       5   0.123389546363617E+17   0.328662252265144E+17
       6   0.328662252265144E+17   0.328813157409096E+17
       7   0.328813157409096E+17   0.328838023276790E+17
       8   0.328838023276790E+17   0.328962761629696E+17
       9   0.328962761629696E+17   0.391635498948362E+17
      10   0.391635498948362E+17   0.391729936384655E+17
      11   0.391729936384655E+17   0.391755042882847E+17
      12   0.391755042882847E+17   0.391828046715290E+17
      13   0.391828046715290E+17   0.648896145530552E+17
      14   0.648896145530552E+17   0.649041524542669E+17
      15   0.649041524542669E+17   0.649061629102653E+17
      16   0.649061629102653E+17   0.649088972193792E+17
      17   0.649088972193792E+17   0.650140160153027E+17
      18   0.650140160153027E+17   0.792057658216366E+17
      19   0.792057658216366E+17   0.792119137172521E+17
      20   0.792119137172521E+17   0.945409919182438E+17
      21   0.945409919182438E+17   0.104937547412013E+18
      22   0.104937547412013E+18   0.104945438966678E+18
      23   0.104945438966678E+18   0.111217480899199E+18
      24   0.111217480899199E+18   0.111230195735167E+18
      25   0.111230195735167E+18   0.111232263472652E+18
      26   0.111232263472652E+18   0.111234234932789E+18
      27   0.111234234932789E+18   0.111240367912681E+18
      28   0.111240367912681E+18   0.131951446346826E+18
      29   0.131951446346826E+18   0.131958966666265E+18
      30   0.131958966666265E+18   0.131960676104012E+18
      31   0.131960676104012E+18   0.131966850819752E+18
      32   0.131966850819752E+18   0.144115188075856E+18
