ncpu        =         24
ndim        =          3
levelmin    =          8
levelmax    =         18
ngridmax    =   10000000
nstep_coarse=          0
 
boxlen      =  0.100000000000000E+01
time        = -0.319489080066041E+02
aexp        =  0.990098994225264E-02
H0          =  0.676600036621094E+02
omega_m     =  0.311100006103516E+00
omega_l     =  0.688899993896484E+00
omega_k     =  0.000000000000000E+00
omega_b     =  0.000000000000000E+00
unit_l      =  0.576908991073980E+25
unit_d      =  0.275858293191451E-23
unit_t      =  0.446247646045838E+14
 
ordering type=hilbert                                                                         
   DOMAIN   ind_min                 ind_max
       1   0.000000000000000E+00   0.121433249661583E+17
       2   0.121433249661583E+17   0.121616595272335E+17
       3   0.121616595272335E+17   0.196485218964603E+17
       4   0.196485218964603E+17   0.328746734148649E+17
       5   0.328746734148649E+17   0.328958046875156E+17
       6   0.328958046875156E+17   0.391590163450429E+17
       7   0.391590163450429E+17   0.391760937893233E+17
       8   0.391760937893233E+17   0.406092422011945E+17
       9   0.406092422011945E+17   0.569228508413297E+17
      10   0.569228508413297E+17   0.648835126452552E+17
      11   0.648835126452552E+17   0.649080249966920E+17
      12   0.649080249966920E+17   0.724536243823575E+17
      13   0.724536243823575E+17   0.792096279709614E+17
      14   0.792096279709614E+17   0.822215138848276E+17
      15   0.822215138848276E+17   0.985351225249628E+17
      16   0.985351225249628E+17   0.104933394596495E+18
      17   0.104933394596495E+18   0.104949936646259E+18
      18   0.104949936646259E+18   0.110547261288612E+18
      19   0.110547261288612E+18   0.111231794216436E+18
      20   0.111231794216436E+18   0.111253595235549E+18
      21   0.111253595235549E+18   0.125836614717932E+18
      22   0.125836614717932E+18   0.131951509444231E+18
      23   0.131951509444231E+18   0.131968526926742E+18
      24   0.131968526926742E+18   0.144115188075856E+18
