ncpu        =         32
ndim        =          3
levelmin    =          8
levelmax    =         18
ngridmax    =    7500000
nstep_coarse=       1198
 
boxlen      =  0.100000000000000E+01
time        = -0.217252430359866E+01
aexp        =  0.333368051329087E+00
H0          =  0.676600036621094E+02
omega_m     =  0.311100006103516E+00
omega_l     =  0.688899993896484E+00
omega_k     =  0.000000000000000E+00
omega_b     =  0.000000000000000E+00
unit_l      =  0.194246259485448E+27
unit_d      =  0.722686552394094E-28
unit_t      =  0.505902298294292E+17
 
ordering type=hilbert                                                                         
   DOMAIN   ind_min                 ind_max
       1   0.000000000000000E+00   0.121476285590569E+17
       2   0.121476285590569E+17   0.121549057221919E+17
       3   0.121549057221919E+17   0.121572855180493E+17
       4   0.121572855180493E+17   0.121877709960233E+17
       5   0.121877709960233E+17   0.328656178832712E+17
       6   0.328656178832712E+17   0.328813078949396E+17
       7   0.328813078949396E+17   0.328837227931894E+17
       8   0.328837227931894E+17   0.328958651393638E+17
       9   0.328958651393638E+17   0.329056571789148E+17
      10   0.329056571789148E+17   0.391729979126170E+17
      11   0.391729979126170E+17   0.391747622417859E+17
      12   0.391747622417859E+17   0.391794416722903E+17
      13   0.391794416722903E+17   0.649033933144719E+17
      14   0.649033933144719E+17   0.649044283038065E+17
      15   0.649044283038065E+17   0.649059920676239E+17
      16   0.649059920676239E+17   0.649088312341955E+17
      17   0.649088312341955E+17   0.650136757353841E+17
      18   0.650136757353841E+17   0.792032406662758E+17
      19   0.792032406662758E+17   0.792110443829658E+17
      20   0.792110443829658E+17   0.832017027311862E+17
      21   0.832017027311862E+17   0.104937752574296E+18
      22   0.104937752574296E+18   0.104945106934333E+18
      23   0.104945106934333E+18   0.111217892262150E+18
      24   0.111217892262150E+18   0.111230907234189E+18
      25   0.111230907234189E+18   0.111232281723359E+18
      26   0.111232281723359E+18   0.111235145006580E+18
      27   0.111235145006580E+18   0.111251618007089E+18
      28   0.111251618007089E+18   0.131955023354528E+18
      29   0.131955023354528E+18   0.131959628709757E+18
      30   0.131959628709757E+18   0.131960700343411E+18
      31   0.131960700343411E+18   0.131966991205925E+18
      32   0.131966991205925E+18   0.144115188075856E+18
