ncpu        =         24
ndim        =          3
levelmin    =          8
levelmax    =         18
ngridmax    =   10000000
nstep_coarse=       1120
 
boxlen      =  0.100000000000000E+01
time        = -0.304462178565113E+01
aexp        =  0.254601789468350E+00
H0          =  0.676600036621094E+02
omega_m     =  0.311100006103516E+00
omega_l     =  0.688899993896484E+00
omega_k     =  0.000000000000000E+00
omega_b     =  0.000000000000000E+00
unit_l      =  0.148350884451457E+27
unit_d      =  0.162232383004195E-27
unit_t      =  0.295081242227754E+17
 
ordering type=hilbert                                                                         
   DOMAIN   ind_min                 ind_max
       1   0.000000000000000E+00   0.121530447392932E+17
       2   0.121530447392932E+17   0.121570886818857E+17
       3   0.121570886818857E+17   0.191469642055680E+17
       4   0.191469642055680E+17   0.328745274570179E+17
       5   0.328745274570179E+17   0.328834236968141E+17
       6   0.328834236968141E+17   0.328970615715267E+17
       7   0.328970615715267E+17   0.391693104828703E+17
       8   0.391693104828703E+17   0.391746385131602E+17
       9   0.391746385131602E+17   0.391860048290120E+17
      10   0.391860048290120E+17   0.648893398135603E+17
      11   0.648893398135603E+17   0.649046174256333E+17
      12   0.649046174256333E+17   0.649078351221228E+17
      13   0.649078351221228E+17   0.791009836261704E+17
      14   0.791009836261704E+17   0.792116967243776E+17
      15   0.792116967243776E+17   0.104921174691447E+18
      16   0.104921174691447E+18   0.104940390993428E+18
      17   0.104940390993428E+18   0.104954032872129E+18
      18   0.104954032872129E+18   0.111222137402687E+18
      19   0.111222137402687E+18   0.111232264217035E+18
      20   0.111232264217035E+18   0.111237249760219E+18
      21   0.111237249760219E+18   0.131949612680872E+18
      22   0.131949612680872E+18   0.131959397530108E+18
      23   0.131959397530108E+18   0.131963855577285E+18
      24   0.131963855577285E+18   0.144115188075856E+18
