ncpu        =         32
ndim        =          3
levelmin    =          8
levelmax    =         18
ngridmax    =    7500000
nstep_coarse=         38
 
boxlen      =  0.100000000000000E+01
time        = -0.721306953203672E+01
aexp        =  0.100730722063732E+00
H0          =  0.676600036621094E+02
omega_m     =  0.311100006103516E+00
omega_l     =  0.688899993896484E+00
omega_k     =  0.000000000000000E+00
omega_b     =  0.000000000000000E+00
unit_l      =  0.586935847575656E+26
unit_d      =  0.261960651297712E-26
unit_t      =  0.461894290279832E+16
 
ordering type=hilbert                                                                         
   DOMAIN   ind_min                 ind_max
       1   0.000000000000000E+00   0.121439518468342E+17
       2   0.121439518468342E+17   0.121553313270333E+17
       3   0.121553313270333E+17   0.121874769915412E+17
       4   0.121874769915412E+17   0.328650361290097E+17
       5   0.328650361290097E+17   0.328809789343662E+17
       6   0.328809789343662E+17   0.328877525801370E+17
       7   0.328877525801370E+17   0.391600738874860E+17
       8   0.391600738874860E+17   0.391686166363505E+17
       9   0.391686166363505E+17   0.391734222148076E+17
      10   0.391734222148076E+17   0.391874371985408E+17
      11   0.391874371985408E+17   0.578162040388977E+17
      12   0.578162040388977E+17   0.648834127120957E+17
      13   0.648834127120957E+17   0.648918885487084E+17
      14   0.648918885487084E+17   0.649035918103020E+17
      15   0.649035918103020E+17   0.649071324488008E+17
      16   0.649071324488008E+17   0.673321679396536E+17
      17   0.673321679396536E+17   0.792088121956106E+17
      18   0.792088121956106E+17   0.792306444413174E+17
      19   0.792306444413174E+17   0.100019454632526E+18
      20   0.100019454632526E+18   0.104935300632936E+18
      21   0.104935300632936E+18   0.104945268855669E+18
      22   0.104945268855669E+18   0.104955960453235E+18
      23   0.104955960453235E+18   0.111219023888482E+18
      24   0.111219023888482E+18   0.111231310468481E+18
      25   0.111231310468481E+18   0.111234029146866E+18
      26   0.111234029146866E+18   0.111234810101281E+18
      27   0.111234810101281E+18   0.111237578346299E+18
      28   0.111237578346299E+18   0.125258984566292E+18
      29   0.125258984566292E+18   0.131955642091962E+18
      30   0.131955642091962E+18   0.131960083957940E+18
      31   0.131960083957940E+18   0.131963981827932E+18
      32   0.131963981827932E+18   0.144115188075856E+18
