ncpu        =         32
ndim        =          3
levelmin    =          8
levelmax    =         18
ngridmax    =    5000000
nstep_coarse=         36
 
boxlen      =  0.100000000000000E+01
time        = -0.722457597393172E+01
aexp        =  0.100525513209594E+00
H0          =  0.676600036621094E+02
omega_m     =  0.311100006103516E+00
omega_l     =  0.688899993896484E+00
omega_k     =  0.000000000000000E+00
omega_b     =  0.000000000000000E+00
unit_l      =  0.585740140543425E+26
unit_d      =  0.263568197126049E-26
unit_t      =  0.460014263050820E+16
 
ordering type=hilbert                                                                         
   DOMAIN   ind_min                 ind_max
       1   0.000000000000000E+00   0.121460877709804E+17
       2   0.121460877709804E+17   0.121553336003461E+17
       3   0.121553336003461E+17   0.121875583813550E+17
       4   0.121875583813550E+17   0.328653948248392E+17
       5   0.328653948248392E+17   0.328810182994821E+17
       6   0.328810182994821E+17   0.328880820762706E+17
       7   0.328880820762706E+17   0.391602300088484E+17
       8   0.391602300088484E+17   0.391688627443794E+17
       9   0.391688627443794E+17   0.391735259651113E+17
      10   0.391735259651113E+17   0.391874795630756E+17
      11   0.391874795630756E+17   0.587177348541972E+17
      12   0.587177348541972E+17   0.648840806546801E+17
      13   0.648840806546801E+17   0.648974770099978E+17
      14   0.648974770099978E+17   0.649037572965663E+17
      15   0.649037572965663E+17   0.649073406488740E+17
      16   0.649073406488740E+17   0.690190249350922E+17
      17   0.690190249350922E+17   0.792096385510932E+17
      18   0.792096385510932E+17   0.792307601553818E+17
      19   0.792307601553818E+17   0.102129005129368E+18
      20   0.102129005129368E+18   0.104937413645697E+18
      21   0.104937413645697E+18   0.104945933686407E+18
      22   0.104945933686407E+18   0.104955973738709E+18
      23   0.104955973738709E+18   0.111219023967683E+18
      24   0.111219023967683E+18   0.111231292743352E+18
      25   0.111231292743352E+18   0.111234020813046E+18
      26   0.111234020813046E+18   0.111234809865437E+18
      27   0.111234809865437E+18   0.111237579365417E+18
      28   0.111237579365417E+18   0.125583898842235E+18
      29   0.125583898842235E+18   0.131956616059683E+18
      30   0.131956616059683E+18   0.131960081477239E+18
      31   0.131960081477239E+18   0.131963638222684E+18
      32   0.131963638222684E+18   0.144115188075856E+18
