ncpu        =         24
ndim        =          3
levelmin    =          8
levelmax    =         18
ngridmax    =   10000000
nstep_coarse=        500
 
boxlen      =  0.100000000000000E+01
time        = -0.319684814166205E+01
aexp        =  0.243860745335617E+00
H0          =  0.676600036621094E+02
omega_m     =  0.311100006103516E+00
omega_l     =  0.688899993896484E+00
omega_k     =  0.000000000000000E+00
omega_b     =  0.000000000000000E+00
unit_l      =  0.142092313369335E+27
unit_d      =  0.184627424852017E-27
unit_t      =  0.270708874493828E+17
 
ordering type=hilbert                                                                         
   DOMAIN   ind_min                 ind_max
       1   0.000000000000000E+00   0.121529882378240E+17
       2   0.121529882378240E+17   0.121570838031892E+17
       3   0.121570838031892E+17   0.188233298298798E+17
       4   0.188233298298798E+17   0.328748204965233E+17
       5   0.328748204965233E+17   0.328834273257718E+17
       6   0.328834273257718E+17   0.328971299357983E+17
       7   0.328971299357983E+17   0.391693116658156E+17
       8   0.391693116658156E+17   0.391746549470454E+17
       9   0.391746549470454E+17   0.391925854403297E+17
      10   0.391925854403297E+17   0.648895806055055E+17
      11   0.648895806055055E+17   0.649046002232197E+17
      12   0.649046002232197E+17   0.649076718454047E+17
      13   0.649076718454047E+17   0.758363148548833E+17
      14   0.758363148548833E+17   0.792116452634132E+17
      15   0.792116452634132E+17   0.104920753181721E+18
      16   0.104920753181721E+18   0.104940125488087E+18
      17   0.104940125488087E+18   0.104952594926404E+18
      18   0.104952594926404E+18   0.111220751356396E+18
      19   0.111220751356396E+18   0.111232258439229E+18
      20   0.111232258439229E+18   0.111236747085480E+18
      21   0.111236747085480E+18   0.131944971038097E+18
      22   0.131944971038097E+18   0.131959370065666E+18
      23   0.131959370065666E+18   0.131964052260782E+18
      24   0.131964052260782E+18   0.144115188075856E+18
