ncpu        =         32
ndim        =          3
levelmin    =          8
levelmax    =         18
ngridmax    =    7500000
nstep_coarse=        612
 
boxlen      =  0.100000000000000E+01
time        = -0.248288901867435E+01
aexp        =  0.301391951936367E+00
H0          =  0.676600036621094E+02
omega_m     =  0.311100006103516E+00
omega_l     =  0.688899993896484E+00
omega_k     =  0.000000000000000E+00
omega_b     =  0.000000000000000E+00
unit_l      =  0.175614486958935E+27
unit_d      =  0.977973190021551E-28
unit_t      =  0.413506177399280E+17
 
ordering type=hilbert                                                                         
   DOMAIN   ind_min                 ind_max
       1   0.000000000000000E+00   0.121478805313618E+17
       2   0.121478805313618E+17   0.121549065983427E+17
       3   0.121549065983427E+17   0.121578238875730E+17
       4   0.121578238875730E+17   0.138629947903181E+17
       5   0.138629947903181E+17   0.328659591128678E+17
       6   0.328659591128678E+17   0.328813136447078E+17
       7   0.328813136447078E+17   0.328837765130445E+17
       8   0.328837765130445E+17   0.328960062821499E+17
       9   0.328960062821499E+17   0.391618250732339E+17
      10   0.391618250732339E+17   0.391730065328701E+17
      11   0.391730065328701E+17   0.391754505607905E+17
      12   0.391754505607905E+17   0.391797437932503E+17
      13   0.391797437932503E+17   0.648901800991130E+17
      14   0.648901800991130E+17   0.649042004888044E+17
      15   0.649042004888044E+17   0.649062577686446E+17
      16   0.649062577686446E+17   0.649093403227914E+17
      17   0.649093403227914E+17   0.650140207423160E+17
      18   0.650140207423160E+17   0.792058760714977E+17
      19   0.792058760714977E+17   0.792121166528512E+17
      20   0.792121166528512E+17   0.104655433741894E+18
      21   0.104655433741894E+18   0.104939054984069E+18
      22   0.104939054984069E+18   0.104945578007855E+18
      23   0.104945578007855E+18   0.111218045231374E+18
      24   0.111218045231374E+18   0.111230431979897E+18
      25   0.111230431979897E+18   0.111232266448253E+18
      26   0.111232266448253E+18   0.111234286860567E+18
      27   0.111234286860567E+18   0.111240627728941E+18
      28   0.111240627728941E+18   0.131953838102938E+18
      29   0.131953838102938E+18   0.131959371212677E+18
      30   0.131959371212677E+18   0.131960696293818E+18
      31   0.131960696293818E+18   0.131966990983201E+18
      32   0.131966990983201E+18   0.144115188075856E+18
