ncpu        =        256
ndim        =          3
levelmin    =         10
levelmax    =         17
ngridmax    =    2539062
nstep_coarse=        247
 
boxlen      =  0.100000000000000E+01
time        = -0.601493814738063E+01
aexp        =  0.126095383776636E+00
H0          =  0.676600036621094E+02
omega_m     =  0.311100006103516E+00
omega_l     =  0.688899993896484E+00
omega_k     =  0.000000000000000E+00
omega_b     =  0.469999983906746E-01
unit_l      =  0.734730174032623E+26
unit_d      =  0.133543987416380E-26
unit_t      =  0.723797493991839E+16
 
ordering type=hilbert                                                                         
   DOMAIN   ind_min                 ind_max
       1   0.000000000000000E+00   0.862713974620160E+14
       2   0.862713974620160E+14   0.166554469662720E+15
       3   0.166554469662720E+15   0.250551566106624E+15
       4   0.250551566106624E+15   0.318902246309888E+15
       5   0.318902246309888E+15   0.377248813154304E+15
       6   0.377248813154304E+15   0.441502035607552E+15
       7   0.441502035607552E+15   0.502877269753856E+15
       8   0.502877269753856E+15   0.547054516436992E+15
       9   0.547054516436992E+15   0.592328284700672E+15
      10   0.592328284700672E+15   0.635337013460992E+15
      11   0.635337013460992E+15   0.686245079416832E+15
      12   0.686245079416832E+15   0.760506914177024E+15
      13   0.760506914177024E+15   0.822360307400704E+15
      14   0.822360307400704E+15   0.886431524323328E+15
      15   0.886431524323328E+15   0.960959382290432E+15
      16   0.960959382290432E+15   0.103470097393254E+16
      17   0.103470097393254E+16   0.110166063815066E+16
      18   0.110166063815066E+16   0.116389187649536E+16
      19   0.116389187649536E+16   0.122217534849024E+16
      20   0.122217534849024E+16   0.128022275633971E+16
      21   0.128022275633971E+16   0.136540581999411E+16
      22   0.136540581999411E+16   0.144557563659878E+16
      23   0.144557563659878E+16   0.151628543950848E+16
      24   0.151628543950848E+16   0.159682882699264E+16
      25   0.159682882699264E+16   0.163660000604979E+16
      26   0.163660000604979E+16   0.171294214376653E+16
      27   0.171294214376653E+16   0.176227678473421E+16
      28   0.176227678473421E+16   0.181457175681434E+16
      29   0.181457175681434E+16   0.188337089203405E+16
      30   0.188337089203405E+16   0.195616506799718E+16
      31   0.195616506799718E+16   0.203157118320640E+16
      32   0.203157118320640E+16   0.209437099189862E+16
      33   0.209437099189862E+16   0.217351039483904E+16
      34   0.217351039483904E+16   0.224727078744883E+16
      35   0.224727078744883E+16   0.232422930330419E+16
      36   0.232422930330419E+16   0.239326414136934E+16
      37   0.239326414136934E+16   0.247267806753587E+16
      38   0.247267806753587E+16   0.256635662499840E+16
      39   0.256635662499840E+16   0.265344187970355E+16
      40   0.265344187970355E+16   0.273247245434880E+16
      41   0.273247245434880E+16   0.281824316935373E+16
      42   0.281824316935373E+16   0.289898407500186E+16
      43   0.289898407500186E+16   0.296039641146982E+16
      44   0.296039641146982E+16   0.303523023928934E+16
      45   0.303523023928934E+16   0.310115445820621E+16
      46   0.310115445820621E+16   0.318255685802394E+16
      47   0.318255685802394E+16   0.327457619679642E+16
      48   0.327457619679642E+16   0.337225051432550E+16
      49   0.337225051432550E+16   0.343208497879450E+16
      50   0.343208497879450E+16   0.350666567660339E+16
      51   0.350666567660339E+16   0.357575133285581E+16
      52   0.357575133285581E+16   0.363322078029414E+16
      53   0.363322078029414E+16   0.369508714387866E+16
      54   0.369508714387866E+16   0.376300533950054E+16
      55   0.376300533950054E+16   0.381792294640026E+16
      56   0.381792294640026E+16   0.389301521507942E+16
      57   0.389301521507942E+16   0.396361907516211E+16
      58   0.396361907516211E+16   0.403817470518886E+16
      59   0.403817470518886E+16   0.410612738188902E+16
      60   0.410612738188902E+16   0.418258280382464E+16
      61   0.418258280382464E+16   0.423424232338227E+16
      62   0.423424232338227E+16   0.429126235822490E+16
      63   0.429126235822490E+16   0.435165812332954E+16
      64   0.435165812332954E+16   0.441051347576422E+16
      65   0.441051347576422E+16   0.448480168378368E+16
      66   0.448480168378368E+16   0.455510124108186E+16
      67   0.455510124108186E+16   0.461162916767334E+16
      68   0.461162916767334E+16   0.467005356795494E+16
      69   0.467005356795494E+16   0.473732340993229E+16
      70   0.473732340993229E+16   0.480220859675443E+16
      71   0.480220859675443E+16   0.484842180863590E+16
      72   0.484842180863590E+16   0.490262413443072E+16
      73   0.490262413443072E+16   0.495633003708416E+16
      74   0.495633003708416E+16   0.501252306763776E+16
      75   0.501252306763776E+16   0.506120885816525E+16
      76   0.506120885816525E+16   0.513031976203059E+16
      77   0.513031976203059E+16   0.520394659961242E+16
      78   0.520394659961242E+16   0.528006344448410E+16
      79   0.528006344448410E+16   0.536564519272448E+16
      80   0.536564519272448E+16   0.544121488932864E+16
      81   0.544121488932864E+16   0.551842267293286E+16
      82   0.551842267293286E+16   0.561275360772096E+16
      83   0.561275360772096E+16   0.569849269767373E+16
      84   0.569849269767373E+16   0.578685631909069E+16
      85   0.578685631909069E+16   0.586430323202458E+16
      86   0.586430323202458E+16   0.594605760944538E+16
      87   0.594605760944538E+16   0.602048881885184E+16
      88   0.602048881885184E+16   0.608676404317389E+16
      89   0.608676404317389E+16   0.615207801978880E+16
      90   0.615207801978880E+16   0.622888801114522E+16
      91   0.622888801114522E+16   0.629280955223245E+16
      92   0.629280955223245E+16   0.637240942054605E+16
      93   0.637240942054605E+16   0.643601280480051E+16
      94   0.643601280480051E+16   0.649487732808090E+16
      95   0.649487732808090E+16   0.657052792992563E+16
      96   0.657052792992563E+16   0.662416244080640E+16
      97   0.662416244080640E+16   0.668412631685530E+16
      98   0.668412631685530E+16   0.675042329991578E+16
      99   0.675042329991578E+16   0.682934210710733E+16
     100   0.682934210710733E+16   0.690179361944371E+16
     101   0.690179361944371E+16   0.695623168609485E+16
     102   0.695623168609485E+16   0.702350938551091E+16
     103   0.702350938551091E+16   0.710881904584294E+16
     104   0.710881904584294E+16   0.720713089758003E+16
     105   0.720713089758003E+16   0.726607534751744E+16
     106   0.726607534751744E+16   0.733621498203341E+16
     107   0.733621498203341E+16   0.740876124946432E+16
     108   0.740876124946432E+16   0.749043285858714E+16
     109   0.749043285858714E+16   0.757990263514726E+16
     110   0.757990263514726E+16   0.766483414961357E+16
     111   0.766483414961357E+16   0.773500574892032E+16
     112   0.773500574892032E+16   0.779634691643802E+16
     113   0.779634691643802E+16   0.785964628705280E+16
     114   0.785964628705280E+16   0.793129702653952E+16
     115   0.793129702653952E+16   0.801685625634816E+16
     116   0.801685625634816E+16   0.811952168868250E+16
     117   0.811952168868250E+16   0.821219611063091E+16
     118   0.821219611063091E+16   0.829328358322995E+16
     119   0.829328358322995E+16   0.837866790636749E+16
     120   0.837866790636749E+16   0.846200504005427E+16
     121   0.846200504005427E+16   0.851943699880346E+16
     122   0.851943699880346E+16   0.858147968044237E+16
     123   0.858147968044237E+16   0.865592067437363E+16
     124   0.865592067437363E+16   0.871815172010803E+16
     125   0.871815172010803E+16   0.877727070286643E+16
     126   0.877727070286643E+16   0.884437407498240E+16
     127   0.884437407498240E+16   0.892971310802534E+16
     128   0.892971310802534E+16   0.899910258917376E+16
     129   0.899910258917376E+16   0.906146194495898E+16
     130   0.906146194495898E+16   0.911992341659648E+16
     131   0.911992341659648E+16   0.919285513846784E+16
     132   0.919285513846784E+16   0.926112684808602E+16
     133   0.926112684808602E+16   0.934086340457267E+16
     134   0.934086340457267E+16   0.941005256995635E+16
     135   0.941005256995635E+16   0.950822042704282E+16
     136   0.950822042704282E+16   0.958957425472307E+16
     137   0.958957425472307E+16   0.966804929747354E+16
     138   0.966804929747354E+16   0.974631955595264E+16
     139   0.974631955595264E+16   0.982883012653875E+16
     140   0.982883012653875E+16   0.991022638379827E+16
     141   0.991022638379827E+16   0.998542545204019E+16
     142   0.998542545204019E+16   0.100502833882726E+17
     143   0.100502833882726E+17   0.101021548140298E+17
     144   0.101021548140298E+17   0.101551027320259E+17
     145   0.101551027320259E+17   0.102251741714186E+17
     146   0.102251741714186E+17   0.102847136042844E+17
     147   0.102847136042844E+17   0.103640076029788E+17
     148   0.103640076029788E+17   0.104370140841247E+17
     149   0.104370140841247E+17   0.104981870348861E+17
     150   0.104981870348861E+17   0.105665009056481E+17
     151   0.105665009056481E+17   0.106408232007762E+17
     152   0.106408232007762E+17   0.107119047585300E+17
     153   0.107119047585300E+17   0.107878858086154E+17
     154   0.107878858086154E+17   0.108634626620129E+17
     155   0.108634626620129E+17   0.109413244193628E+17
     156   0.109413244193628E+17   0.110357191705231E+17
     157   0.110357191705231E+17   0.111270321885020E+17
     158   0.111270321885020E+17   0.112078725830410E+17
     159   0.112078725830410E+17   0.112922174905385E+17
     160   0.112922174905385E+17   0.113501302738125E+17
     161   0.113501302738125E+17   0.114239036310159E+17
     162   0.114239036310159E+17   0.115006688586629E+17
     163   0.115006688586629E+17   0.115870148811817E+17
     164   0.115870148811817E+17   0.116493147407647E+17
     165   0.116493147407647E+17   0.117303705883116E+17
     166   0.117303705883116E+17   0.118184796949053E+17
     167   0.118184796949053E+17   0.118761688903188E+17
     168   0.118761688903188E+17   0.119493369043354E+17
     169   0.119493369043354E+17   0.120160036134584E+17
     170   0.120160036134584E+17   0.120913971188859E+17
     171   0.120913971188859E+17   0.121710579055329E+17
     172   0.121710579055329E+17   0.122204723053855E+17
     173   0.122204723053855E+17   0.122867028863222E+17
     174   0.122867028863222E+17   0.123777891266724E+17
     175   0.123777891266724E+17   0.124664148876329E+17
     176   0.124664148876329E+17   0.125409545819259E+17
     177   0.125409545819259E+17   0.126055451396669E+17
     178   0.126055451396669E+17   0.126602201978634E+17
     179   0.126602201978634E+17   0.127089158737428E+17
     180   0.127089158737428E+17   0.127640058713866E+17
     181   0.127640058713866E+17   0.128230846585897E+17
     182   0.128230846585897E+17   0.128990360213914E+17
     183   0.128990360213914E+17   0.129719210900193E+17
     184   0.129719210900193E+17   0.130361078327542E+17
     185   0.130361078327542E+17   0.131045023075533E+17
     186   0.131045023075533E+17   0.131699938709996E+17
     187   0.131699938709996E+17   0.132199720964588E+17
     188   0.132199720964588E+17   0.132939114558259E+17
     189   0.132939114558259E+17   0.133790867180749E+17
     190   0.133790867180749E+17   0.134522832410378E+17
     191   0.134522832410378E+17   0.135145701653873E+17
     192   0.135145701653873E+17   0.135813707763548E+17
     193   0.135813707763548E+17   0.136651352121016E+17
     194   0.136651352121016E+17   0.137473247301263E+17
     195   0.137473247301263E+17   0.138214991504343E+17
     196   0.138214991504343E+17   0.138925756225946E+17
     197   0.138925756225946E+17   0.139556006102303E+17
     198   0.139556006102303E+17   0.140226099182305E+17
     199   0.140226099182305E+17   0.140732656370319E+17
     200   0.140732656370319E+17   0.141329532652093E+17
     201   0.141329532652093E+17   0.142092737770947E+17
     202   0.142092737770947E+17   0.142679257833800E+17
     203   0.142679257833800E+17   0.143257882203259E+17
     204   0.143257882203259E+17   0.143837193662628E+17
     205   0.143837193662628E+17   0.144487254348268E+17
     206   0.144487254348268E+17   0.145326836972257E+17
     207   0.145326836972257E+17   0.146031516235858E+17
     208   0.146031516235858E+17   0.146733585326408E+17
     209   0.146733585326408E+17   0.147599793995121E+17
     210   0.147599793995121E+17   0.148346637972931E+17
     211   0.148346637972931E+17   0.149181573239931E+17
     212   0.149181573239931E+17   0.149955571477381E+17
     213   0.149955571477381E+17   0.150571282926060E+17
     214   0.150571282926060E+17   0.151209137772954E+17
     215   0.151209137772954E+17   0.152029481161196E+17
     216   0.152029481161196E+17   0.152834117782733E+17
     217   0.152834117782733E+17   0.153593558094316E+17
     218   0.153593558094316E+17   0.154459152947610E+17
     219   0.154459152947610E+17   0.155218640340255E+17
     220   0.155218640340255E+17   0.156031054942044E+17
     221   0.156031054942044E+17   0.156804179694715E+17
     222   0.156804179694715E+17   0.157483718724813E+17
     223   0.157483718724813E+17   0.158010660796498E+17
     224   0.158010660796498E+17   0.158780647712686E+17
     225   0.158780647712686E+17   0.159496356243702E+17
     226   0.159496356243702E+17   0.160022108653486E+17
     227   0.160022108653486E+17   0.160584623019991E+17
     228   0.160584623019991E+17   0.161127060754924E+17
     229   0.161127060754924E+17   0.162013686708306E+17
     230   0.162013686708306E+17   0.162644052620083E+17
     231   0.162644052620083E+17   0.163319886297170E+17
     232   0.163319886297170E+17   0.163864932935270E+17
     233   0.163864932935270E+17   0.164467685562778E+17
     234   0.164467685562778E+17   0.165164224987791E+17
     235   0.165164224987791E+17   0.165931390955684E+17
     236   0.165931390955684E+17   0.166524264990638E+17
     237   0.166524264990638E+17   0.167201636677059E+17
     238   0.167201636677059E+17   0.167701452926484E+17
     239   0.167701452926484E+17   0.168397881370214E+17
     240   0.168397881370214E+17   0.169057084034580E+17
     241   0.169057084034580E+17   0.169770089007022E+17
     242   0.169770089007022E+17   0.170588710801244E+17
     243   0.170588710801244E+17   0.171382964779745E+17
     244   0.171382964779745E+17   0.171934770937201E+17
     245   0.171934770937201E+17   0.172605301797683E+17
     246   0.172605301797683E+17   0.173404637594911E+17
     247   0.173404637594911E+17   0.174090745261588E+17
     248   0.174090745261588E+17   0.174712883186237E+17
     249   0.174712883186237E+17   0.175391288370135E+17
     250   0.175391288370135E+17   0.175999691123589E+17
     251   0.175999691123589E+17   0.176737692900393E+17
     252   0.176737692900393E+17   0.177369432572559E+17
     253   0.177369432572559E+17   0.178018580766392E+17
     254   0.178018580766392E+17   0.178542735766979E+17
     255   0.178542735766979E+17   0.179262095265628E+17
     256   0.179262095265628E+17   0.180143985094820E+17
