ncpu        =        256
ndim        =          3
levelmin    =         10
levelmax    =         17
ngridmax    =    4687500
nstep_coarse=        277
 
boxlen      =  0.100000000000000E+01
time        = -0.572825373283300E+01
aexp        =  0.133590829098809E+00
H0          =  0.676600036621094E+02
omega_m     =  0.311100006103516E+00
omega_l     =  0.688899993896484E+00
omega_k     =  0.000000000000000E+00
omega_b     =  0.469999983906746E-01
unit_l      =  0.778404491688593E+26
unit_d      =  0.112303157553676E-26
unit_t      =  0.812403881944344E+16
 
ordering type=hilbert                                                                         
   DOMAIN   ind_min                 ind_max
       1   0.000000000000000E+00   0.866318056161280E+14
       2   0.866318056161280E+14   0.166828173164544E+15
       3   0.166828173164544E+15   0.250738462687232E+15
       4   0.250738462687232E+15   0.319454065983488E+15
       5   0.319454065983488E+15   0.377895465779200E+15
       6   0.377895465779200E+15   0.441945761513472E+15
       7   0.441945761513472E+15   0.502890591682560E+15
       8   0.502890591682560E+15   0.547062674358272E+15
       9   0.547062674358272E+15   0.592181932064768E+15
      10   0.592181932064768E+15   0.634100262109184E+15
      11   0.634100262109184E+15   0.685948161490944E+15
      12   0.685948161490944E+15   0.759651303391232E+15
      13   0.759651303391232E+15   0.820203786436608E+15
      14   0.820203786436608E+15   0.884157211213824E+15
      15   0.884157211213824E+15   0.960179667468288E+15
      16   0.960179667468288E+15   0.103274584106598E+16
      17   0.103274584106598E+16   0.109914665621914E+16
      18   0.109914665621914E+16   0.116275302209946E+16
      19   0.116275302209946E+16   0.121949877016986E+16
      20   0.121949877016986E+16   0.127721412126310E+16
      21   0.127721412126310E+16   0.136441503494963E+16
      22   0.136441503494963E+16   0.144419495031603E+16
      23   0.144419495031603E+16   0.151468122098893E+16
      24   0.151468122098893E+16   0.159542370788966E+16
      25   0.159542370788966E+16   0.163560183090381E+16
      26   0.163560183090381E+16   0.171026660206182E+16
      27   0.171026660206182E+16   0.176028754712986E+16
      28   0.176028754712986E+16   0.181294695081574E+16
      29   0.181294695081574E+16   0.187943870686822E+16
      30   0.187943870686822E+16   0.195332458466509E+16
      31   0.195332458466509E+16   0.202829965190758E+16
      32   0.202829965190758E+16   0.208862410755277E+16
      33   0.208862410755277E+16   0.217043542474752E+16
      34   0.217043542474752E+16   0.224273922785280E+16
      35   0.224273922785280E+16   0.232275674018611E+16
      36   0.232275674018611E+16   0.239118381036339E+16
      37   0.239118381036339E+16   0.247004097675264E+16
      38   0.247004097675264E+16   0.256375339378278E+16
      39   0.256375339378278E+16   0.265155442953421E+16
      40   0.265155442953421E+16   0.273096482652160E+16
      41   0.273096482652160E+16   0.281747398433178E+16
      42   0.281747398433178E+16   0.289811408827187E+16
      43   0.289811408827187E+16   0.295966207246336E+16
      44   0.295966207246336E+16   0.303495772530278E+16
      45   0.303495772530278E+16   0.310098580943667E+16
      46   0.310098580943667E+16   0.318242591185306E+16
      47   0.318242591185306E+16   0.327508884140851E+16
      48   0.327508884140851E+16   0.337308766384947E+16
      49   0.337308766384947E+16   0.343241852662579E+16
      50   0.343241852662579E+16   0.350708876443648E+16
      51   0.350708876443648E+16   0.357625615928525E+16
      52   0.357625615928525E+16   0.363338040501862E+16
      53   0.363338040501862E+16   0.369516872099430E+16
      54   0.369516872099430E+16   0.376301957205197E+16
      55   0.376301957205197E+16   0.381716553688678E+16
      56   0.381716553688678E+16   0.389282994428314E+16
      57   0.389282994428314E+16   0.396236114257510E+16
      58   0.396236114257510E+16   0.403747980810650E+16
      59   0.403747980810650E+16   0.410445397203354E+16
      60   0.410445397203354E+16   0.418230182173082E+16
      61   0.418230182173082E+16   0.423246874384794E+16
      62   0.423246874384794E+16   0.428895080179302E+16
      63   0.428895080179302E+16   0.434919040247398E+16
      64   0.434919040247398E+16   0.440754067052954E+16
      65   0.440754067052954E+16   0.448172826139034E+16
      66   0.448172826139034E+16   0.455346243816653E+16
      67   0.455346243816653E+16   0.460969900769280E+16
      68   0.460969900769280E+16   0.466805640816230E+16
      69   0.466805640816230E+16   0.473523410907955E+16
      70   0.473523410907955E+16   0.480060341066138E+16
      71   0.480060341066138E+16   0.484721331221299E+16
      72   0.484721331221299E+16   0.489640039127450E+16
      73   0.489640039127450E+16   0.495176824075059E+16
      74   0.495176824075059E+16   0.500948132691968E+16
      75   0.500948132691968E+16   0.505609927550566E+16
      76   0.505609927550566E+16   0.512313103115878E+16
      77   0.512313103115878E+16   0.520042247408845E+16
      78   0.520042247408845E+16   0.527136720945152E+16
      79   0.527136720945152E+16   0.535882917688115E+16
      80   0.535882917688115E+16   0.543565215914394E+16
      81   0.543565215914394E+16   0.551203113690726E+16
      82   0.551203113690726E+16   0.560658546425856E+16
      83   0.560658546425856E+16   0.569356909228851E+16
      84   0.569356909228851E+16   0.578161913888768E+16
      85   0.578161913888768E+16   0.586042814811341E+16
      86   0.586042814811341E+16   0.594067245078938E+16
      87   0.594067245078938E+16   0.601847819665408E+16
      88   0.601847819665408E+16   0.608195668292403E+16
      89   0.608195668292403E+16   0.614676677263360E+16
      90   0.614676677263360E+16   0.622544490070016E+16
      91   0.622544490070016E+16   0.628827222127411E+16
      92   0.628827222127411E+16   0.636867833269453E+16
      93   0.636867833269453E+16   0.643434318869299E+16
      94   0.643434318869299E+16   0.648964664931123E+16
      95   0.648964664931123E+16   0.656711106114355E+16
      96   0.656711106114355E+16   0.662028958040064E+16
      97   0.662028958040064E+16   0.668166656517734E+16
      98   0.668166656517734E+16   0.674533554487296E+16
      99   0.674533554487296E+16   0.682382390722560E+16
     100   0.682382390722560E+16   0.689829310575411E+16
     101   0.689829310575411E+16   0.695197378176614E+16
     102   0.695197378176614E+16   0.701688159666176E+16
     103   0.701688159666176E+16   0.710076287208653E+16
     104   0.710076287208653E+16   0.720153711791309E+16
     105   0.720153711791309E+16   0.726075861421261E+16
     106   0.726075861421261E+16   0.733040803105997E+16
     107   0.733040803105997E+16   0.740341935872410E+16
     108   0.740341935872410E+16   0.748607422595072E+16
     109   0.748607422595072E+16   0.757211390279680E+16
     110   0.757211390279680E+16   0.766082671443968E+16
     111   0.766082671443968E+16   0.773128108113920E+16
     112   0.773128108113920E+16   0.779393133707264E+16
     113   0.779393133707264E+16   0.785612253482189E+16
     114   0.785612253482189E+16   0.792616123760640E+16
     115   0.792616123760640E+16   0.801001671596442E+16
     116   0.801001671596442E+16   0.811411461216666E+16
     117   0.811411461216666E+16   0.820751436139725E+16
     118   0.820751436139725E+16   0.828666307569254E+16
     119   0.828666307569254E+16   0.837500987349402E+16
     120   0.837500987349402E+16   0.845897336566579E+16
     121   0.845897336566579E+16   0.851635530943693E+16
     122   0.851635530943693E+16   0.857621076220314E+16
     123   0.857621076220314E+16   0.865159390796186E+16
     124   0.865159390796186E+16   0.871468886287974E+16
     125   0.871468886287974E+16   0.877445326359757E+16
     126   0.877445326359757E+16   0.883971284742963E+16
     127   0.883971284742963E+16   0.892673539964928E+16
     128   0.892673539964928E+16   0.899513136552346E+16
     129   0.899513136552346E+16   0.905901104535962E+16
     130   0.905901104535962E+16   0.911678839875174E+16
     131   0.911678839875174E+16   0.918763365361254E+16
     132   0.918763365361254E+16   0.925675475592806E+16
     133   0.925675475592806E+16   0.933594071564288E+16
     134   0.933594071564288E+16   0.940650704509338E+16
     135   0.940650704509338E+16   0.950431823534490E+16
     136   0.950431823534490E+16   0.958552712675328E+16
     137   0.958552712675328E+16   0.966528655205990E+16
     138   0.966528655205990E+16   0.974348070630195E+16
     139   0.974348070630195E+16   0.982564478333747E+16
     140   0.982564478333747E+16   0.990748969690726E+16
     141   0.990748969690726E+16   0.998273161625600E+16
     142   0.998273161625600E+16   0.100487061580022E+17
     143   0.100487061580022E+17   0.101007753048228E+17
     144   0.101007753048228E+17   0.101530054520996E+17
     145   0.101530054520996E+17   0.102225225113928E+17
     146   0.102225225113928E+17   0.102831645688463E+17
     147   0.102831645688463E+17   0.103605611161190E+17
     148   0.103605611161190E+17   0.104344663724687E+17
     149   0.104344663724687E+17   0.104955617555456E+17
     150   0.104955617555456E+17   0.105609404161720E+17
     151   0.105609404161720E+17   0.106371051851612E+17
     152   0.106371051851612E+17   0.107069500943237E+17
     153   0.107069500943237E+17   0.107839672549376E+17
     154   0.107839672549376E+17   0.108579572018053E+17
     155   0.108579572018053E+17   0.109382859625595E+17
     156   0.109382859625595E+17   0.110331894683402E+17
     157   0.110331894683402E+17   0.111246737313628E+17
     158   0.111246737313628E+17   0.112062692683940E+17
     159   0.112062692683940E+17   0.112910281495020E+17
     160   0.112910281495020E+17   0.113494128527933E+17
     161   0.113494128527933E+17   0.114219483324744E+17
     162   0.114219483324744E+17   0.114982410445128E+17
     163   0.114982410445128E+17   0.115853004174787E+17
     164   0.115853004174787E+17   0.116484301305938E+17
     165   0.116484301305938E+17   0.117289196107858E+17
     166   0.117289196107858E+17   0.118176865352417E+17
     167   0.118176865352417E+17   0.118742485471068E+17
     168   0.118742485471068E+17   0.119488430420787E+17
     169   0.119488430420787E+17   0.120149981716808E+17
     170   0.120149981716808E+17   0.120908924101919E+17
     171   0.120908924101919E+17   0.121698116939284E+17
     172   0.121698116939284E+17   0.122186660304650E+17
     173   0.122186660304650E+17   0.122857303861330E+17
     174   0.122857303861330E+17   0.123763113223782E+17
     175   0.123763113223782E+17   0.124659489675674E+17
     176   0.124659489675674E+17   0.125406014362092E+17
     177   0.125406014362092E+17   0.126045523437158E+17
     178   0.126045523437158E+17   0.126600197740052E+17
     179   0.126600197740052E+17   0.127080547515105E+17
     180   0.127080547515105E+17   0.127624761602212E+17
     181   0.127624761602212E+17   0.128215408023962E+17
     182   0.128215408023962E+17   0.128960052508754E+17
     183   0.128960052508754E+17   0.129709745468334E+17
     184   0.129709745468334E+17   0.130346300179743E+17
     185   0.130346300179743E+17   0.131018096403087E+17
     186   0.131018096403087E+17   0.131688240062136E+17
     187   0.131688240062136E+17   0.132192456372388E+17
     188   0.132192456372388E+17   0.132912590786396E+17
     189   0.132912590786396E+17   0.133770437355110E+17
     190   0.133770437355110E+17   0.134497070491894E+17
     191   0.134497070491894E+17   0.135125087803146E+17
     192   0.135125087803146E+17   0.135806293202043E+17
     193   0.135806293202043E+17   0.136638716612444E+17
     194   0.136638716612444E+17   0.137457397168865E+17
     195   0.137457397168865E+17   0.138204631049175E+17
     196   0.138204631049175E+17   0.138903481284035E+17
     197   0.138903481284035E+17   0.139547237993677E+17
     198   0.139547237993677E+17   0.140220567230874E+17
     199   0.140220567230874E+17   0.140730683306476E+17
     200   0.140730683306476E+17   0.141326406134006E+17
     201   0.141326406134006E+17   0.142085116867379E+17
     202   0.142085116867379E+17   0.142672142218035E+17
     203   0.142672142218035E+17   0.143250209541980E+17
     204   0.143250209541980E+17   0.143826392721654E+17
     205   0.143826392721654E+17   0.144473867975393E+17
     206   0.144473867975393E+17   0.145321612646810E+17
     207   0.145321612646810E+17   0.146028354380759E+17
     208   0.146028354380759E+17   0.146724378158039E+17
     209   0.146724378158039E+17   0.147598869255946E+17
     210   0.147598869255946E+17   0.148347290648576E+17
     211   0.148347290648576E+17   0.149188166853591E+17
     212   0.149188166853591E+17   0.149958590768087E+17
     213   0.149958590768087E+17   0.150571348939244E+17
     214   0.150571348939244E+17   0.151212369672929E+17
     215   0.151212369672929E+17   0.152036085512274E+17
     216   0.152036085512274E+17   0.152842936977981E+17
     217   0.152842936977981E+17   0.153607876777083E+17
     218   0.153607876777083E+17   0.154469531270513E+17
     219   0.154469531270513E+17   0.155241025844019E+17
     220   0.155241025844019E+17   0.156055407679242E+17
     221   0.156055407679242E+17   0.156825644079514E+17
     222   0.156825644079514E+17   0.157491119783936E+17
     223   0.157491119783936E+17   0.158028371211059E+17
     224   0.158028371211059E+17   0.158799318084485E+17
     225   0.158799318084485E+17   0.159514145178255E+17
     226   0.159514145178255E+17   0.160038697251635E+17
     227   0.160038697251635E+17   0.160593309734011E+17
     228   0.160593309734011E+17   0.161144003394273E+17
     229   0.161144003394273E+17   0.162036102578831E+17
     230   0.162036102578831E+17   0.162661045402337E+17
     231   0.162661045402337E+17   0.163332532081787E+17
     232   0.163332532081787E+17   0.163876660985201E+17
     233   0.163876660985201E+17   0.164470646995681E+17
     234   0.164470646995681E+17   0.165173522249810E+17
     235   0.165173522249810E+17   0.165936611299164E+17
     236   0.165936611299164E+17   0.166527554863759E+17
     237   0.166527554863759E+17   0.167204205436600E+17
     238   0.167204205436600E+17   0.167699437982843E+17
     239   0.167699437982843E+17   0.168395094171320E+17
     240   0.168395094171320E+17   0.169057075450184E+17
     241   0.169057075450184E+17   0.169771901302866E+17
     242   0.169771901302866E+17   0.170591772307620E+17
     243   0.170591772307620E+17   0.171389999319613E+17
     244   0.171389999319613E+17   0.171934948340531E+17
     245   0.171934948340531E+17   0.172607493405409E+17
     246   0.172607493405409E+17   0.173406542878474E+17
     247   0.173406542878474E+17   0.174090569776497E+17
     248   0.174090569776497E+17   0.174710945396818E+17
     249   0.174710945396818E+17   0.175387757646971E+17
     250   0.175387757646971E+17   0.175994486831186E+17
     251   0.175994486831186E+17   0.176737584624435E+17
     252   0.176737584624435E+17   0.177366651686093E+17
     253   0.177366651686093E+17   0.178012584924938E+17
     254   0.178012584924938E+17   0.178541410138849E+17
     255   0.178541410138849E+17   0.179260564344668E+17
     256   0.179260564344668E+17   0.180143985094820E+17
