ncpu        =         32
ndim        =          3
levelmin    =          8
levelmax    =         18
ngridmax    =    7500000
nstep_coarse=        109
 
boxlen      =  0.100000000000000E+01
time        = -0.392759776045112E+01
aexp        =  0.200862012778255E+00
H0          =  0.676600036621094E+02
omega_m     =  0.311100006103516E+00
omega_l     =  0.688899993896484E+00
omega_k     =  0.000000000000000E+00
omega_b     =  0.000000000000000E+00
unit_l      =  0.117037894001363E+27
unit_d      =  0.330391200410413E-27
unit_t      =  0.183659890127633E+17
 
ordering type=hilbert                                                                         
   DOMAIN   ind_min                 ind_max
       1   0.000000000000000E+00   0.121493399268229E+17
       2   0.121493399268229E+17   0.121552991915868E+17
       3   0.121552991915868E+17   0.121595799439237E+17
       4   0.121595799439237E+17   0.328634462980014E+17
       5   0.328634462980014E+17   0.328769828646093E+17
       6   0.328769828646093E+17   0.328823042770207E+17
       7   0.328823042770207E+17   0.328878888874148E+17
       8   0.328878888874148E+17   0.329018317899039E+17
       9   0.329018317899039E+17   0.391692536114053E+17
      10   0.391692536114053E+17   0.391723969358070E+17
      11   0.391723969358070E+17   0.391781473834107E+17
      12   0.391781473834107E+17   0.420921483796152E+17
      13   0.420921483796152E+17   0.648869100377866E+17
      14   0.648869100377866E+17   0.649023556774461E+17
      15   0.649023556774461E+17   0.649052408420762E+17
      16   0.649052408420762E+17   0.649078267261420E+17
      17   0.649078267261420E+17   0.650140387586867E+17
      18   0.650140387586867E+17   0.792097634630083E+17
      19   0.792097634630083E+17   0.792288267960975E+17
      20   0.792288267960975E+17   0.104927776107626E+18
      21   0.104927776107626E+18   0.104939768847532E+18
      22   0.104939768847532E+18   0.104947014101139E+18
      23   0.104947014101139E+18   0.108653936625320E+18
      24   0.108653936625320E+18   0.111221099840406E+18
      25   0.111221099840406E+18   0.111231983580479E+18
      26   0.111231983580479E+18   0.111234402262843E+18
      27   0.111234402262843E+18   0.111239279583691E+18
      28   0.111239279583691E+18   0.131944150255272E+18
      29   0.131944150255272E+18   0.131958441726968E+18
      30   0.131958441726968E+18   0.131960516067852E+18
      31   0.131960516067852E+18   0.131966784004686E+18
      32   0.131966784004686E+18   0.144115188075856E+18
