ncpu        =         32
ndim        =          3
levelmin    =          8
levelmax    =         18
ngridmax    =    7500000
nstep_coarse=       1000
 
boxlen      =  0.100000000000000E+01
time        = -0.226008050068568E+01
aexp        =  0.323817291716308E+00
H0          =  0.676600036621094E+02
omega_m     =  0.311100006103516E+00
omega_l     =  0.688899993896484E+00
omega_k     =  0.000000000000000E+00
omega_b     =  0.000000000000000E+00
unit_l      =  0.188681241114220E+27
unit_d      =  0.788536487942385E-28
unit_t      =  0.477330045575323E+17
 
ordering type=hilbert                                                                         
   DOMAIN   ind_min                 ind_max
       1   0.000000000000000E+00   0.121474453539389E+17
       2   0.121474453539389E+17   0.121549047697244E+17
       3   0.121549047697244E+17   0.121572605168189E+17
       4   0.121572605168189E+17   0.121745761841971E+17
       5   0.121745761841971E+17   0.328655589760369E+17
       6   0.328655589760369E+17   0.328797370470892E+17
       7   0.328797370470892E+17   0.328836943330673E+17
       8   0.328836943330673E+17   0.328956378506854E+17
       9   0.328956378506854E+17   0.329059315915162E+17
      10   0.329059315915162E+17   0.391729976635556E+17
      11   0.391729976635556E+17   0.391747817800991E+17
      12   0.391747817800991E+17   0.391793541699011E+17
      13   0.391793541699011E+17   0.649002147865231E+17
      14   0.649002147865231E+17   0.649043009179976E+17
      15   0.649043009179976E+17   0.649059842245965E+17
      16   0.649059842245965E+17   0.649088233464300E+17
      17   0.649088233464300E+17   0.649129768003830E+17
      18   0.649129768003830E+17   0.792033922488730E+17
      19   0.792033922488730E+17   0.792115380868547E+17
      20   0.792115380868547E+17   0.851776797451223E+17
      21   0.851776797451223E+17   0.104937752790106E+18
      22   0.104937752790106E+18   0.104945347768774E+18
      23   0.104945347768774E+18   0.111217480709566E+18
      24   0.111217480709566E+18   0.111230568527397E+18
      25   0.111230568527397E+18   0.111232269743100E+18
      26   0.111232269743100E+18   0.111234277099176E+18
      27   0.111234277099176E+18   0.111240388626440E+18
      28   0.111240388626440E+18   0.131953852446671E+18
      29   0.131953852446671E+18   0.131959601151377E+18
      30   0.131959601151377E+18   0.131960695758615E+18
      31   0.131960695758615E+18   0.131966991033958E+18
      32   0.131966991033958E+18   0.144115188075856E+18
