ncpu        =         32
ndim        =          3
levelmin    =          8
levelmax    =         12
ngridmax    =    1875000
nstep_coarse=        782
 
boxlen      =  0.100000000000000E+01
time        =  0.689898423837024E-03
aexp        =  0.100068587878180E+01
H0          =  0.676600036621094E+02
omega_m     =  0.311100006103516E+00
omega_l     =  0.688899993896484E+00
omega_k     =  0.000000000000000E+00
omega_b     =  0.000000000000000E+00
unit_l      =  0.583077736748653E+27
unit_d      =  0.267195161227649E-29
unit_t      =  0.455841899983012E+18
 
ordering type=hilbert                                                                         
   DOMAIN   ind_min                 ind_max
       1   0.000000000000000E+00   0.165517926400000E+11
       2   0.165517926400000E+11   0.393293168640000E+11
       3   0.393293168640000E+11   0.530538823680000E+11
       4   0.530538823680000E+11   0.647279861760000E+11
       5   0.647279861760000E+11   0.825304023040000E+11
       6   0.825304023040000E+11   0.104473221632000E+12
       7   0.104473221632000E+12   0.113655058304000E+12
       8   0.113655058304000E+12   0.127565868032000E+12
       9   0.127565868032000E+12   0.145836933120000E+12
      10   0.145836933120000E+12   0.162365338112000E+12
      11   0.162365338112000E+12   0.176550274560000E+12
      12   0.176550274560000E+12   0.201428860928000E+12
      13   0.201428860928000E+12   0.221110382592000E+12
      14   0.221110382592000E+12   0.241588440064000E+12
      15   0.241588440064000E+12   0.263540637696000E+12
      16   0.263540637696000E+12   0.277334260480000E+12
      17   0.277334260480000E+12   0.296038268928000E+12
      18   0.296038268928000E+12   0.311895412736000E+12
      19   0.311895412736000E+12   0.326417776640000E+12
      20   0.326417776640000E+12   0.346622417560000E+12
      21   0.346622417560000E+12   0.364209311680000E+12
      22   0.364209311680000E+12   0.386243474456000E+12
      23   0.386243474456000E+12   0.403284003712000E+12
      24   0.403284003712000E+12   0.417419550720000E+12
      25   0.417419550720000E+12   0.434393982992000E+12
      26   0.434393982992000E+12   0.447017005696000E+12
      27   0.447017005696000E+12   0.469546909696000E+12
      28   0.469546909696000E+12   0.490115171328000E+12
      29   0.490115171328000E+12   0.503686372864000E+12
      30   0.503686372864000E+12   0.521041260544000E+12
      31   0.521041260544000E+12   0.534397766688000E+12
      32   0.534397766688000E+12   0.549755813888000E+12
